4.720483803462877315e+21
4.786210973349574607e+21
4.852853210807182295e+21
4.920423252634588152e+21
4.988934012830670127e+21
5.058398585057219445e+21
5.128830245136084500e+21
5.200242453580917768e+21
5.272648858164061536e+21
5.346063296519040139e+21
5.420499798779109573e+21
5.495972590252462178e+21
5.572496094134479618e+21
5.650084934257621336e+21
5.728753937879452877e+21
5.808518138509304791e+21
5.889392778774136750e+21
5.971393313324151079e+21
6.054535411778648539e+21
6.138834961712782770e+21
6.224308071685630722e+21
6.310971074310307840e+21
6.398840529366594617e+21
6.487933226956708905e+21
6.578266190704840540e+21
6.669856681000947417e+21
6.762722198289580556e+21
6.856880486404217373e+21
6.952349535947814076e+21
7.049147587720208450e+21
7.147293136192932938e+21
7.246804933032224489e+21
7.347701990670796325e+21
7.450003585929083617e+21
7.553729263686614254e+21
7.658898840604277473e+21
7.765532408898026209e+21
7.873650340164921197e+21
7.983273289262090420e+21
8.094422198239389286e+21
8.207118300326528025e+21
8.321383123975298613e+21
8.437238496957817684e+21
8.554706550521465930e+21
8.673809723601264312e+21
8.794570767090619253e+21
8.917012748171035542e+21
9.041159054701817233e+21
9.167033399670436004e+21
9.294659825704433091e+21
9.424062709645794345e+21
9.555266767188446413e+21
9.688297057579975049e+21
9.823178988388318446e+21
9.959938320334309032e+21
1.009860117219105361e+22
1.023919402575102948e+22
1.038174373086174485e+22
1.052627751053106243e+22
1.067282296610301673e+22
1.082140808250512323e+22
1.097206123356821966e+22
1.112481118741966986e+22
1.127968711195115913e+22
1.143671858036192208e+22
1.159593557677851017e+22
1.175736850195218327e+22
1.192104817903483119e+22
1.208700585943472747e+22
1.225527322875302353e+22
1.242588241280214499e+22
1.259886598370729394e+22
1.277425696609196730e+22
1.295208884334894462e+22
1.313239556399763449e+22
1.331521154812915116e+22
1.350057169394024107e+22
1.368851138435717739e+22
1.387906649375108602e+22
1.407227339474572254e+22
1.426816896511906729e+22
1.446679059480004736e+22
1.466817619296151772e+22
1.487236419521105153e+22
1.507939357088067407e+22
1.528930383041696838e+22
1.550213503287298726e+22
1.571792779350311017e+22
1.593672329146258162e+22
1.615856327761289911e+22
1.638349008243457733e+22
1.661154662404883009e+22
1.684277641634939247e+22
1.707722357724632056e+22
1.731493283702300790e+22
1.755594954680811756e+22
1.780031968716394385e+22
1.804808987679266334e+22
1.829930738136232703e+22
1.855402012245394824e+22
1.881227668663150261e+22
1.907412633463649678e+22
1.933961901070855700e+22
1.960880535203412443e+22
1.988173669832466838e+22
2.015846510152630298e+22
2.043904333566267359e+22
2.072352490681255173e+22
2.101196406322447883e+22
2.130441580556983049e+22
2.160093589733650727e+22
2.190158087536497603e+22
2.220640806052846948e+22
2.251547556855962560e+22
2.282884232102523647e+22
2.314656805645116559e+22
2.346871334159964858e+22
2.379533958290055417e+22
2.412650903803927305e+22
2.446228482770289558e+22
2.480273094748693909e+22
2.514791227996490223e+22
2.549789460692247930e+22
2.585274462175905605e+22
2.621252994205851687e+22
2.657731912233151522e+22
2.694718166693186634e+22
2.732218804314871064e+22
2.770240969447789979e+22
2.808791905407358678e+22
2.847878955838370690e+22
2.887509566097111541e+22
2.927691284652269293e+22
2.968431764504978653e+22
3.009738764628142535e+22
3.051620151425369113e+22
3.094083900209751287e+22
3.137138096702754495e+22
3.180790938553493016e+22
3.225050736878628425e+22
3.269925917823216071e+22
3.315425024142735311e+22
3.361556716806598348e+22
3.408329776623433810e+22
3.455753105888388317e+22
3.503835730052804667e+22
3.552586799416502701e+22
3.602015590843016020e+22
3.652131509498052556e+22
3.702944090611478902e+22
3.754463001263179878e+22
3.806698042193062606e+22
3.859659149635534769e+22
3.913356397178805184e+22
3.967799997649270079e+22
4.023000305021376843e+22
4.078967816353268472e+22
4.135713173748540926e+22
4.193247166344470725e+22
4.251580732327025705e+22
4.310724960973061567e+22
4.370691094719998670e+22
4.431490531263375003e+22
4.493134825682631865e+22
4.555635692595464425e+22
4.619005008341156600e+22
4.683254813193250904e+22
4.748397313601910604e+22
4.814444884466415436e+22
4.881410071438101263e+22
4.949305593254210909e+22
5.018144344102990879e+22
5.087939396020500378e+22
5.158704001319455582e+22
5.230451595050611638e+22
5.303195797497015435e+22
5.376950416701610630e+22
5.451729451028595081e+22
5.527547091758936700e+22
5.604417725720551018e+22
5.682355937953485265e+22
5.761376514410643299e+22
5.841494444694459908e+22
5.922724924829950647e+22
6.005083360074661469e+22
6.088585367765943478e+22
6.173246780206010807e+22
6.259083647585296685e+22
6.346112240944549777e+22
6.434349055176182491e+22
6.523810812065360327e+22
6.614514463371293622e+22
6.706477193949290378e+22
6.799716424914024844e+22
6.894249816844560394e+22
6.990095273031668597e+22
7.087270942767880706e+22
7.185795224680922507e+22
7.285686770110951116e+22
7.386964486532211986e+22
7.489647541019644579e+22
7.593755363760929138e+22
7.699307651614654857e+22
7.806324371715003725e+22
7.914825765123687396e+22
8.024832350529618602e+22
8.136364927996852280e+22
8.249444582761507796e+22
8.364092689078180590e+22
8.480330914116412008e+22
8.598181221907923626e+22
8.717665877345085843e+22
8.838807450231389133e+22
8.961628819384404489e+22
9.086153176791915902e+22
9.212404031821874148e+22
9.340405215486759089e+22
9.470180884763029956e+22
9.601755526966328007e+22
9.735153964182985192e+22
9.870401357758670989e+22
1.000752321284465052e+23
1.014654538300246930e+23
1.028749407486772238e+23
1.043039585287344121e+23
1.057527764403406651e+23
1.072216674279039781e+23
1.087109081591642923e+23
1.102207790748873565e+23
1.117515644391900672e+23
1.133035523905061273e+23
1.148770349931982823e+23
1.164723082898239788e+23
1.180896723540633369e+23
1.197294313443149899e+23
1.213918935579684661e+23
1.230773714863605091e+23
1.247861818704218491e+23
1.265186457570237009e+23
1.282750885560295757e+23
1.300558400980624406e+23
1.318612346929928953e+23
1.336916111891572248e+23
1.355473130333133813e+23
1.374286883313414381e+23
1.393360899096982973e+23
1.412698753776335454e+23
1.432304071901737900e+23
1.452180527118854589e+23
1.472331842814226391e+23
1.492761792768681926e+23
1.513474201818773932e+23
1.534472946526308637e+23
1.555761955856062570e+23
1.577345211861763831e+23
1.599226750380420534e+23
1.621410661735085166e+23
1.643901091446127340e+23
1.666702240951114945e+23
1.689818368333379178e+23
1.713253789059334265e+23
1.737012876724675008e+23
1.761100063809488080e+23
1.785519842442400519e+23
1.810276765173838260e+23
1.835375445758463485e+23
1.860820559946912576e+23
1.886616846286875640e+23
1.912769106933642397e+23
1.939282208470181557e+23
1.966161082736827171e+23
1.993410727670686700e+23
2.021036208154836583e+23
2.049042656877382468e+23
2.077435275200497524e+23
2.106219334039491188e+23
2.135400174752018716e+23
2.164983210037501703e+23
2.194973924846840064e+23
2.225377877302518858e+23
2.256200699629162610e+23
2.287448099094651229e+23
2.319125858961860938e+23
2.351239839451105041e+23
2.383795978713387940e+23
2.416800293814503609e+23
2.450258881730107041e+23
2.484177920351808321e+23
2.518563669504365502e+23
2.553422471974074932e+23
2.588760754548420431e+23
2.624585029067044070e+23
2.660901893484145929e+23
2.697718032942351075e+23
2.735040220858137392e+23
2.772875320018890014e+23
2.811230283691637070e+23
2.850112156743562355e+23
2.889528076774326823e+23
2.929485275260294173e+23
2.969991078710705515e+23
3.011052909835862493e+23
3.052678288727393016e+23
3.094874834050639882e+23
3.137650264249233341e+23
3.181012398761914055e+23
3.224969159251625226e+23
3.269528570846956791e+23
3.314698763395963143e+23
3.360487972732410087e+23
3.406904541954495994e+23
3.453956922716045128e+23
3.501653676530286587e+23
3.550003476086165802e+23
3.599015106577268495e+23
3.648697467043370490e+23
3.699059571724624121e+23
3.750110551428421512e+23
3.801859654908931358e+23
3.854316250259308549e+23
3.907489826316637700e+23
3.961389994079530055e+23
4.016026488138447591e+23
4.071409168118718073e+23
4.127548020136201484e+23
4.184453158265664842e+23
4.242134826021751357e+23
4.300603397852604966e+23
4.359869380646071739e+23
4.419943415248434548e+23
4.480836277995684999e+23
4.542558882257227292e+23
4.605122279991999233e+23
4.668537663316952005e+23
4.732816366087774635e+23
4.797969865491855085e+23
4.864009783653338385e+23
4.930947889250253626e+23
4.998796099143533320e+23
5.067566480017907662e+23
5.137271250034513328e+23
5.207922780495098675e+23
5.279533597517741472e+23
5.352116383723854338e+23
5.425683979936434949e+23
5.500249386889351612e+23
5.575825766947485060e+23
5.652426445837633816e+23
5.730064914389855675e+23
5.808754830289223801e+23
5.888510019837669283e+23
5.969344479725722932e+23
6.051272378813995234e+23
6.134308059924023361e+23
6.218466041638387261e+23
6.303761020109713645e+23
6.390207870878361846e+23
6.477821650698497614e+23
6.566617599372179716e+23
6.656611141591260683e+23
6.747817888786701751e+23
6.840253640984955705e+23
6.933934388671118322e+23
7.028876314658367917e+23
7.125095795963439318e+23
7.222609405687632977e+23
7.321433914902968648e+23
7.421586294543034006e+23
7.523083717298130906e+23
7.625943559514131435e+23
7.730183403094680000e+23
7.835821037406164332e+23
7.942874461184915847e+23
8.051361884446181682e+23
8.161301730394148994e+23
8.272712637332600086e+23
8.385613460575484316e+23
8.500023274356802815e+23
8.615961373739214103e+23
8.733447276520533834e+23
8.852500725137642797e+23
8.973141688566917334e+23
9.095390364220517798e+23
9.219267179837764644e+23
9.344792795370753895e+23
9.471988104863489888e+23
9.600874238323606526e+23
9.731472563585854262e+23
9.863804688166484443e+23
9.997892461107472027e+23
1.013375797480983580e+24
1.027142356685488434e+24
1.041091182181249528e+24
1.055224557303536466e+24
1.069544790443808849e+24
1.084054215226008304e+24
1.098755190681115619e+24
1.113650101419855269e+24
1.128741357803434865e+24
1.144031396112183016e+24
1.159522678711976225e+24
1.175217694218313888e+24
1.191118957657909054e+24
1.207229010627669195e+24
1.223550421450903758e+24
1.240085785330641080e+24
1.256837724499891573e+24
1.273808888368706336e+24
1.291001953667880581e+24
1.308419624589145395e+24
1.326064632921669585e+24
1.343939738184723701e+24
1.362047727756328267e+24
1.380391416997701529e+24
1.398973649373347279e+24
1.417797296566571761e+24
1.436865258590275300e+24
1.456180463892795065e+24
1.475745869458626880e+24
1.495564460903813232e+24
1.515639252565787805e+24
1.535973287587481683e+24
1.556569637995468131e+24
1.577431404771925039e+24
1.598561717920205654e+24
1.619963736523760965e+24
1.641640648798221013e+24
1.663595672136364543e+24
1.685832053145753117e+24
1.708353067678781659e+24
1.731162020854880212e+24
1.754262247074635792e+24
1.777657110025549526e+24
1.801350002679182373e+24
1.825344347279411881e+24
1.849643595321512743e+24
1.874251227521809362e+24
1.899170753777592804e+24
1.924405713117018925e+24
1.949959673638711741e+24
1.975836232440730572e+24
2.002039015538650788e+24
2.028571677772414024e+24
2.055437902701646402e+24
2.082641402489141706e+24
2.110185917772149538e+24
2.138075217521194100e+24
2.166313098886054521e+24
2.194903387028591579e+24
2.223849934942079900e+24
2.253156623256684859e+24
2.282827360030772544e+24
2.312866080527673452e+24
2.343276746977556625e+24
2.374063348324049122e+24
2.405229899955263966e+24
2.436780443418825570e+24
2.468719046120575368e+24
2.501049801006551765e+24
2.533776826227882564e+24
2.566904264788225861e+24
2.600436284173337171e+24
2.634377075962442534e+24
2.668730855420981125e+24
2.703501861074361425e+24
2.738694354262336354e+24
2.774312618673591485e+24
2.810360959860192552e+24
2.846843704731468114e+24
2.883765201026944049e+24
2.921129816767965356e+24
2.958941939687554279e+24
2.997205976638183705e+24
3.035926352977024537e+24
3.075107511928289621e+24
3.114753913922318804e+24
3.154870035910943434e+24
3.195460370658839302e+24
3.236529426010414382e+24
3.278081724131885078e+24
3.320121800728172151e+24
3.362654204234205625e+24
3.405683494980332108e+24
3.449214244331406850e+24
3.493251033799250032e+24
3.537798454128115077e+24
3.582861104352784072e+24
3.628443590829024536e+24
3.674550526236011323e+24
3.721186528550442544e+24
3.768356219992010746e+24
3.816064225939922245e+24
3.864315173820205858e+24
3.913113691963494802e+24
3.962464408433036959e+24
4.012371949822651102e+24
4.062840940024427765e+24
4.113875998965875176e+24
4.165481741316371744e+24
4.217662775162667404e+24
4.270423700653273287e+24
4.323769108611575442e+24
4.377703579117483626e+24
4.432231680057538393e+24
4.487357965643327228e+24
4.543086974898108260e+24
4.599423230111620614e+24
4.656371235262933231e+24
4.713935474411419659e+24
4.772120410055765398e+24
4.830930481461058280e+24
4.890370102954024680e+24
4.950443662186427667e+24
5.011155518366776365e+24
5.072510000460448492e+24
5.134511405358382886e+24
5.197163996014523984e+24
5.260471999552205101e+24
5.324439605339778670e+24
5.389070963035698524e+24
5.454370180603417155e+24
5.520341322296423277e+24
5.586988406613757940e+24
5.654315404226517061e+24
5.722326235875689342e+24
5.791024770241895447e+24
5.860414821787520190e+24
5.930500148571779998e+24
6.001284450039395646e+24
6.072771364783461906e+24
6.144964468283221696e+24
6.217867270617488846e+24
6.291483214154434584e+24
6.365815671218649340e+24
6.440867941736241175e+24
6.516643250858953286e+24
6.593144746568185362e+24
6.670375497259988235e+24
6.748338489311969199e+24
6.827036624633318114e+24
6.906472718198997959e+24
6.986649495569305656e+24
7.067569590396079844e+24
7.149235541916728114e+24
7.231649792437517917e+24
7.314814684807428189e+24
7.398732459883991954e+24
7.483405253992657803e+24
7.568835096381046821e+24
7.655023906669861573e+24
7.741973492301890287e+24
7.829685545990852104e+24
7.918161643171796054e+24
8.007403239454704058e+24
8.097411668083241464e+24
8.188188137400369852e+24
8.279733728322787090e+24
8.372049391826085456e+24
8.465135946442586383e+24
8.558994075773898326e+24
8.653624326020246498e+24
8.749027103528617771e+24
8.845202672361931591e+24
8.942151151891283463e+24
9.039872514413592087e+24
9.138366582796776169e+24
9.237633028154774799e+24
9.337671367554721043e+24
9.438480961758484926e+24
9.540061013001089791e+24
9.642410562808226809e+24
9.745528489855321161e+24
9.849413507870605523e+24
9.954064163584467528e+24
1.005947883472769006e+25
1.016565572808093805e+25
1.027259287757792907e+25
1.038028814246481871e+25
1.048873920551822935e+25
1.059794357132434913e+25
1.070789856462162860e+25
1.081860132870950609e+25
1.093004882392558411e+25
1.104223782619371777e+25
1.115516492564537328e+25
1.126882652531674313e+25
1.138321883992390951e+25
1.149833789471841156e+25
1.161417952442559824e+25
1.173073937226789903e+25
1.184801288907540280e+25
1.196599533248588148e+25
1.208468176623636313e+25
1.220406705954845128e+25
1.232414588660933820e+25
1.244491272615058463e+25
1.256636186112654911e+25
1.268848737849434607e+25
1.281128316909715801e+25
1.293474292765252743e+25
1.305886015284740874e+25
1.318362814754145121e+25
1.330904001908004627e+25
1.343508867971853280e+25
1.356176684715876958e+25
1.368906704519949855e+25
1.381698160450137942e+25
1.394550266346787888e+25
1.407462216924286476e+25
1.420433187882563115e+25
1.433462336030423041e+25
1.446548799420750744e+25
1.459691697497642230e+25
1.472890131255498128e+25
1.486143183410091592e+25
1.499449918581639566e+25
1.512809383489856573e+25
1.526220607160988891e+25
1.539682601146802266e+25
1.553194359755465179e+25
1.566754860294303405e+25
1.580363063324332228e+25
1.594017912926505335e+25
1.607718336979571704e+25
1.621463247449452897e+25
1.635251540689996213e+25
1.649082097754995895e+25
1.662953784721315767e+25
1.676865453022965746e+25
1.690815939795950780e+25
1.704804068233708595e+25
1.718828647952938909e+25
1.732888475369606979e+25
1.746982334084899252e+25
1.761108995280894641e+25
1.775267218125689679e+25
1.789455750187735309e+25
1.803673327859090010e+25
1.817918676787318495e+25
1.832190512315731438e+25
1.846487539931655721e+25
1.860808455722422953e+25
1.875151946838745974e+25
1.889516691965135886e+25
1.903901361797026533e+25
1.918304619524230624e+25
1.932725121320374879e+25
1.947161516837937958e+25
1.961612449708503341e+25
1.976076558047846624e+25
1.990552474965448564e+25
2.005038829078049254e+25
2.019534245026825325e+25
2.034037343997774196e+25
2.048546744244906804e+25
2.063061061615800413e+25
2.077578910079113380e+25
2.092098902253627188e+25
2.106619649938370403e+25
2.121139764643430243e+25
2.135657858120977181e+25
2.150172542896106580e+25
2.164682432797048544e+25
2.179186143484318621e+25
2.193682292978380312e+25
2.208169502185401889e+25
2.222646395420657865e+25
2.237111600929187691e+25
2.251563751403274463e+25
2.266001484496321862e+25
2.280423443332759981e+25
2.294828277013518732e+25
2.309214641116742007e+25
2.323581198193289464e+25
2.337926618256677192e+25
2.352249579267095184e+25
2.366548767609082004e+25
2.380822878562566732e+25
2.395070616766873184e+25
2.409290696677365128e+25
2.423481843014429276e+25
2.437642791204418538e+25
2.451772287812310272e+25
2.465869090965733375e+25
2.479931970770090183e+25
2.493959709714526666e+25
2.507951103068425761e+25
2.521904959268249928e+25
2.535820100294422380e+25
2.549695362038058022e+25
2.563529594657338790e+25
2.577321662923293308e+25
2.591070446554840845e+25
2.604774840542883531e+25
2.618433755463305541e+25
2.632046117778742215e+25
2.645610870128948199e+25
2.659126971609693290e+25
2.672593398040027088e+25
2.686009142217851878e+25
2.699373214163722591e+25
2.712684641352772454e+25
2.725942468934764353e+25
2.739145759942172983e+25
2.752293595486293048e+25
2.765385074941377829e+25
2.778419316116758277e+25
2.791395455416998051e+25
2.804312647990079336e+25
2.817170067863649516e+25
2.829966908069410726e+25
2.842702380755654440e+25
2.855375717288061775e+25
2.867986168338817191e+25
2.880533003964121912e+25
2.893015513670252672e+25
2.905433006468201861e+25
2.917784810917100497e+25
2.930070275156489760e+25
2.942288766927608991e+25
2.954439673583861240e+25
2.966522402090562443e+25
2.978536379014208294e+25
2.990481050501367491e+25
3.002355882247406642e+25
3.014160359455256000e+25
3.025893986784347891e+25
3.037556288290000114e+25
3.049146807353380494e+25
3.060665106602319277e+25
3.072110767823138608e+25
3.083483391863741745e+25
3.094782598528199103e+25
3.106008026463010216e+25
3.117159333035335833e+25
3.128236194203378378e+25
3.139238304379178366e+25
3.150165376284065558e+25
3.161017140796985194e+25
3.171793346795971617e+25
3.182493760992987016e+25
3.193118167762379150e+25
3.203666368963226031e+25
3.214138183755763018e+25
3.224533448412204534e+25
3.234852016122147258e+25
3.245093756792832245e+25
3.255258556844515932e+25
3.265346319001158340e+25
3.275356962076722688e+25
3.285290420757278808e+25
3.295146645379173676e+25
3.304925601703515560e+25
3.314627270687171089e+25
3.324251648250551833e+25
3.333798745042383239e+25
3.343268586201697730e+25
3.352661211117285614e+25
3.361976673184794496e+25
3.371215039561732745e+25
3.380376390920551397e+25
3.389460821200039424e+25
3.398468437355238949e+25
3.407399359106049222e+25
3.416253718684774447e+25
3.425031660582744339e+25
3.433733341296240179e+25
3.442358929071905473e+25
3.450908603651793686e+25
3.459382556018267371e+25
3.467780988138893007e+25
3.476104112711495169e+25
3.484352152909562041e+25
3.492525342128120355e+25
3.500623923730261029e+25
3.508648150794447772e+25
3.516598285862751252e+25
3.524474600690161736e+25
3.532277375995086278e+25
3.540006901211192382e+25
3.547663474240687900e+25
3.555247401209175036e+25
3.562758996222197425e+25
3.570198581123565332e+25
3.577566485255594685e+25
3.584863045221332962e+25
3.592088604648878013e+25
3.599243513957895049e+25
3.606328130128378608e+25
3.613342816471797372e+25
3.620287942404645022e+25
3.627163883224501500e+25
3.633971019888678990e+25
3.640709738795480946e+25
3.647380431568184566e+25
3.653983494841766460e+25
3.660519330052429070e+25
3.666988343230009002e+25
3.673390944793256127e+25
3.679727549348089945e+25
3.685998575488814757e+25
3.692204445602360207e+25
3.698345585675580273e+25
3.704422425105611135e+25
3.710435396513348048e+25
3.716384935560033055e+25
3.722271480766990057e+25
3.728095473338518402e+25
3.733857356987948857e+25
3.739557577766890737e+25
3.745196583897657318e+25
3.750774825608883263e+25
3.756292754974341372e+25
3.761750825754947915e+25
3.767149493243959554e+25
3.772489214115354127e+25
3.777770446275396577e+25
3.782993648717365982e+25
3.788159281379444099e+25
3.793267805005750416e+25
3.798319681010505648e+25
3.803315371345305221e+25
3.808255338369497159e+25
3.813140044723620997e+25
3.817969953205916300e+25
3.822745526651842391e+25
3.827467227816626457e+25
3.832135519260770886e+25
3.836750863238528001e+25
3.841313721589297945e+25
3.845824555631917509e+25
3.850283826061820580e+25
3.854691992851037555e+25
3.859049515150984338e+25
3.863356851198039639e+25
3.867614458221844405e+25
3.871822792356317410e+25
3.875982308553323397e+25
3.880093460498988223e+25
3.884156700532599996e+25
3.888172479568076027e+25
3.892141247017947063e+25
3.896063450719832601e+25
3.899939536865356603e+25
3.903769949931479558e+25
3.907555132614191919e+25
3.911295525764554308e+25
3.914991568327013193e+25
3.918643697279982600e+25
3.922252347578642013e+25
3.925817952099901526e+25
3.929340941589511895e+25
3.932821744611271401e+25
3.936260787498283117e+25
3.939658494306249725e+25
3.943015286768725960e+25
3.946331584254330438e+25
3.949607803725856699e+25
3.952844359701240551e+25
3.956041664216362213e+25
3.959200126789635170e+25
3.962320154388339644e+25
3.965402151396674908e+25
3.968446519585478046e+25
3.971453658083591988e+25
3.974423963350820957e+25
3.977357829152460453e+25
3.980255646535351953e+25
3.983117803805426246e+25
3.985944686506710489e+25
3.988736677401748313e+25
3.991494156453418364e+25
3.994217500808093740e+25
3.996907084780126848e+25
3.999563279837621040e+25
4.002186454589447782e+25
4.004776974773490471e+25
4.007335203246075379e+25
4.009861499972551075e+25
4.012356222018999991e+25
4.014819723545045217e+25
4.017252355797712129e+25
4.019654467106331125e+25
4.022026402878441943e+25
4.024368505596673796e+25
4.026681114816572120e+25
4.028964567165343582e+25
4.031219196341492731e+25
4.033445333115325360e+25
4.035643305330285110e+25
4.037813437905103521e+25
4.039956052836740372e+25
4.042071469204075635e+25
4.044160003172347892e+25
4.046221967998297128e+25
4.048257674035999879e+25
4.050267428743364933e+25
4.052251536689279304e+25
4.054210299561366654e+25
4.056144016174343587e+25
4.058052982478957472e+25
4.059937491571476608e+25
4.061797833703716387e+25
4.063634296293576575e+25
4.065447163936081951e+25
4.067236718414888526e+25
4.069003238714257050e+25
4.070747001031456882e+25
4.072468278789594194e+25
4.074167342650848203e+25
4.075844460530081065e+25
4.077499897608831734e+25
4.079133916349650848e+25
4.080746776510782645e+25
4.082338735161159548e+25
4.083910046695707718e+25
4.085460962850945510e+25
4.086991732720855959e+25
4.088502602773023825e+25
4.089993816865020902e+25
4.091465616261029249e+25
4.092918239648685201e+25
4.094351923156136400e+25
4.095766900369295535e+25
4.097163402349277911e+25
4.098541657650019406e+25
4.099901892336049044e+25
4.101244330000423062e+25
4.102569191782792117e+25
4.103876696387605078e+25
4.105167060102430494e+25
4.106440496816391458e+25
4.107697218038696669e+25
4.108937432917274577e+25
4.110161348257477107e+25
4.111369168540866708e+25
4.112561095944070396e+25
4.113737330357682766e+25
4.114898069405231709e+25
4.116043508462173334e+25
4.117173840674931558e+25
4.118289256979961748e+25
4.119389946122830682e+25
4.120476094677319708e+25
4.121547887064528755e+25
4.122605505571979492e+25
4.123649130372722775e+25
4.124678939544422907e+25
4.125695109088436740e+25
4.126697812948860999e+25
4.127687223031561560e+25
4.128663509223161503e+25
4.129626839409998241e+25
4.130577379497033394e+25
4.131515293426723167e+25
4.132440743197828581e+25
4.133353888884176756e+25
4.134254888653362050e+25
4.135143898785381929e+25
4.136021073691207542e+25
4.136886565931283007e+25
4.137740526233949960e+25
4.138583103513799092e+25
4.139414444889932349e+25
4.140234695704153838e+25
4.141043999539062806e+25
4.141842498236062436e+25
4.142630331913281888e+25
4.143407638983393542e+25
4.144174556171343481e+25
4.144931218531974601e+25
4.145677759467557807e+25
4.146414310745210687e+25
4.147141002514217390e+25
4.147857963323241146e+25
4.148565320137423379e+25
4.149263198355378902e+25
4.149951721826075993e+25
4.150631012865601371e+25
4.151301192273813503e+25
4.151962379350879084e+25
4.152614691913693561e+25
4.153258246312179672e+25
4.153893157445471740e+25
4.154519538777972841e+25
4.155137502355300300e+25
4.155747158820100615e+25
4.156348617427744989e+25
4.156941986061902884e+25
4.157527371249988433e+25
4.158104878178486611e+25
4.158674610708148822e+25
4.159236671389067380e+25
4.159791161475623709e+25
4.160338180941308561e+25
4.160877828493414238e+25
4.161410201587606558e+25
4.161935396442365393e+25
4.162453508053297217e+25
4.162964630207321388e+25
