7.867166932963058254e+21
7.976703633533030105e+21
8.087765206074114703e+21
8.200372871837656285e+21
8.314548147219176882e+21
8.430312847857975034e+21
8.547689092793559417e+21
8.666699308679647199e+21
8.787366234056528232e+21
8.909712923682653864e+21
9.033762752926117265e+21
9.159539422217075950e+21
9.287066961561750864e+21
9.416369735118944731e+21
9.547472445839989801e+21
9.680400140172819169e+21
9.815178212831253234e+21
9.951832411630303445e+21
1.009038884238833117e+22
1.023087397389716999e+22
1.037331464296088994e+22
1.051773805950440938e+22
1.066417181175274327e+22
1.081264387148187330e+22
1.096318259934238710e+22
1.111581675025657233e+22
1.127057547889032246e+22
1.142748834520063227e+22
1.158658532005985963e+22
1.174789679095774550e+22
1.191145356778223226e+22
1.207728688868024438e+22
1.224542842599949468e+22
1.241591029231239194e+22
1.258876504652317825e+22
1.276402570005958361e+22
1.294172572314984933e+22
1.312189905118663436e+22
1.330458009117876080e+22
1.348980372829208628e+22
1.367760533248078879e+22
1.386802076521008516e+22
1.406108638627191010e+22
1.425683906069464403e+22
1.445531616574822154e+22
1.465655559804601709e+22
1.486059578074458384e+22
1.506747567084292329e+22
1.527723476658237840e+22
1.548991311494859928e+22
1.570555131927714595e+22
1.592419054696375360e+22
1.614587253728113748e+22
1.637063960930348853e+22
1.659853466994025798e+22
1.682960122208064215e+22
1.706388337285044948e+22
1.730142584198255346e+22
1.754227397030287560e+22
1.778647372833319027e+22
1.803407172501244792e+22
1.828511521653827148e+22
1.853965211533006026e+22
1.879773099911570208e+22
1.905940112014322749e+22
1.932471241451932274e+22
1.959371551167640450e+22
1.986646174396979977e+22
2.014300315640714494e+22
2.042339251651151816e+22
2.070768332432018191e+22
2.099592982252100361e+22
2.128818700672791740e+22
2.158451063589790600e+22
2.188495724289099144e+22
2.218958414517539910e+22
2.249844945567978671e+22
2.281161209379440453e+22
2.312913179652349808e+22
2.345106912979072739e+22
2.377748549989981749e+22
2.410844316515252044e+22
2.444400524762587700e+22
2.478423574511117297e+22
2.512919954321659501e+22
2.547896242763582983e+22
2.583359109658495156e+22
2.619315317340960195e+22
2.655771721936511015e+22
2.692735274657159892e+22
2.730213023114659784e+22
2.768212112651755035e+22
2.806739787691632833e+22
2.845803393105880364e+22
2.885410375601136809e+22
2.925568285124718284e+22
2.966284776289493792e+22
3.007567609818197577e+22
3.049424654007531051e+22
3.091863886212246379e+22
3.134893394349519589e+22
3.178521378423881230e+22
3.222756152072938193e+22
3.267606144134234820e+22
3.313079900233477285e+22
3.359186084394434141e+22
3.405933480670804941e+22
3.453330994800316174e+22
3.501387655881395536e+22
3.550112618072675818e+22
3.599515162315659726e+22
3.649604698080864004e+22
3.700390765137687373e+22
3.751883035348430121e+22
3.804091314486680066e+22
3.857025544080447033e+22
3.910695803280380920e+22
3.965112310753326321e+22
4.020285426601670004e+22
4.076225654308725378e+22
4.132943642710531847e+22
4.190450187994451568e+22
4.248756235724826188e+22
4.307872882896161630e+22
4.367811380014131184e+22
4.428583133204776904e+22
4.490199706352315322e+22
4.552672823265824290e+22
4.616014369875374689e+22
4.680236396457760496e+22
4.745351119892415250e+22
4.811370925947820284e+22
4.878308371598742756e+22
4.946176187374901605e+22
5.014987279741231720e+22
5.084754733510335188e+22
5.155491814287476995e+22
5.227211970948524461e+22
5.299928838151332063e+22
5.373656238880896267e+22
5.448408187028850816e+22
5.524198890007632963e+22
5.601042751399836569e+22
5.678954373643214258e+22
5.757948560751698588e+22
5.838040321073042004e+22
5.919244870083440489e+22
6.001577633219673588e+22
6.085054248749228045e+22
6.169690570678871471e+22
6.255502671702214574e+22
6.342506846186735088e+22
6.430719613200757477e+22
6.520157719580950449e+22
6.610838143040761731e+22
6.702778095320447739e+22
6.795995025379096632e+22
6.890506622629278070e+22
6.986330820214819652e+22
7.083485798332211659e+22
7.181989987596302811e+22
7.281862072450754281e+22
7.383120994623850912e+22
7.485785956630265227e+22
7.589876425319271681e+22
7.695412135470106568e+22
7.802413093435005416e+22
7.910899580830474043e+22
8.020892158277518046e+22
8.132411669191307192e+22
8.245479243620978524e+22
8.360116302140162022e+22
8.476344559788930105e+22
8.594186030067659204e+22
8.713663028983638891e+22
8.834798179150898345e+22
8.957614413944063839e+22
9.082134981706799225e+22
9.208383450015532371e+22
9.336383709999215831e+22
9.466159980715660280e+22
9.597736813585289655e+22
9.731139096882940425e+22
9.866392060288357630e+22
1.000352127949624165e+23
1.014255268088644800e+23
1.028351254625508676e+23
1.042642751760732856e+23
1.057132460201253966e+23
1.071823117652262514e+23
1.086717499315424130e+23
1.101818418393564903e+23
1.117128726601906027e+23
1.132651314685912883e+23
1.148389112945848447e+23
1.164345091768104874e+23
1.180522262163389740e+23
1.196923676311857555e+23
1.213552428115257501e+23
1.230411653756183642e+23
1.247504532264516017e+23
1.264834286091121229e+23
1.282404181688918066e+23
1.300217530101366207e+23
1.318277687558493092e+23
1.336588056080523555e+23
1.355152084089202824e+23
1.373973267026910516e+23
1.393055147983647686e+23
1.412401318331975928e+23
1.432015418370025325e+23
1.451901137972623898e+23
1.472062217250676765e+23
1.492502447218866111e+23
1.513225670471760248e+23
1.534235781868445992e+23
1.555536729225751995e+23
1.577132514020183297e+23
1.599027192098641276e+23
1.621224874398030317e+23
1.643729727673859089e+23
1.666545975237915936e+23
1.689677897705123092e+23
1.713129833749678758e+23
1.736906180870554832e+23
1.761011396166493888e+23
1.785449997120557097e+23
1.810226562394363003e+23
1.835345732632094662e+23
1.860812211274379166e+23
1.886630765382150285e+23
1.912806226470592871e+23
1.939343491353253920e+23
1.966247522996459542e+23
1.993523351384099914e+23
2.021176074392916103e+23
2.049210858678383374e+23
2.077632940571281253e+23
2.106447626985084887e+23
2.135660296334246842e+23
2.165276399463502866e+23
2.195301460588298597e+23
2.225741078246424796e+23
2.256600926261002371e+23
2.287886754714884285e+23
2.319604390936606912e+23
2.351759740497990810e+23
2.384358788223480187e+23
2.417407599211354585e+23
2.450912319866900044e+23
2.484879178947636369e+23
2.519314488620744452e+23
2.554224645532741639e+23
2.589616131891568197e+23
2.625495516561153364e+23
2.661869456168564965e+23
2.698744696223875497e+23
2.736128072252811777e+23
2.774026510942316003e+23
2.812447031299122240e+23
2.851396745821417793e+23
2.890882861683741808e+23
2.930912681935174107e+23
2.971493606710937408e+23
3.012633134457522320e+23
3.054338863171394496e+23
3.096618491651429918e+23
3.139479820765131314e+23
3.182930754728746518e+23
3.226979302401379695e+23
3.271633578593169263e+23
3.316901805387646574e+23
3.362792313478354578e+23
3.409313543519806287e+23
3.456474047492890454e+23
3.504282490084777452e+23
3.552747650083442813e+23
3.601878421786872838e+23
3.651683816427005978e+23
3.702172963608552245e+23
3.753355112762675896e+23
3.805239634615699767e+23
3.857836022672850713e+23
3.911153894717103203e+23
3.965202994323243873e+23
4.019993192387136245e+23
4.075534488670329876e+23
4.131837013359998523e+23
4.188911028644293210e+23
4.246766930303161205e+23
4.305415249314662444e+23
4.364866653476822335e+23
4.425131949045079983e+23
4.486222082385336546e+23
4.548148141642654050e+23
4.610921358425628816e+23
4.674553109506435486e+23
4.739054918536600685e+23
4.804438457778460709e+23
4.870715549852370993e+23
4.937898169499623757e+23
5.005998445361066441e+23
5.075028661771467909e+23
5.145001260569523021e+23
5.215928842923564052e+23
5.287824171172901075e+23
5.360700170684752420e+23
5.434569931726757801e+23
5.509446711354983532e+23
5.585343935317400355e+23
5.662275199972762085e+23
5.740254274224775684e+23
5.819295101471545979e+23
5.899411801570172889e+23
5.980618672816391780e+23
6.062930193939191174e+23
6.146361026110255478e+23
6.230926014968147497e+23
6.316640192657070364e+23
6.403518779880057183e+23
6.491577187966507895e+23
6.580831020953776045e+23
6.671296077682789361e+23
6.762988353907404822e+23
6.855924044417329130e+23
6.950119545174446173e+23
7.045591455462240121e+23
7.142356580048162479e+23
7.240431931358688083e+23
7.339834731666696307e+23
7.440582415291098302e+23
7.542692630808206938e+23
7.646183243274709872e+23
7.751072336461880665e+23
7.857378215100621269e+23
7.965119407137122482e+23
8.074314665998659176e+23
8.184982972869237119e+23
8.297143538974575968e+23
8.410815807876149281e+23
8.526019457773740648e+23
8.642774403816114618e+23
8.761100800419362201e+23
8.881019043592288768e+23
9.002549773268545060e+23
9.125713875644800670e+23
9.250532485524476825e+23
9.377026988666509653e+23
9.505219024138382910e+23
9.635130486673035577e+23
9.766783529028861831e+23
9.900200564352126938e+23
1.003540426854126622e+24
1.017241758261207655e+24
1.031126371506338304e+24
1.045196614424217816e+24
1.059454862070752345e+24
1.073903516959248088e+24
1.088545009296298807e+24
1.103381797217309756e+24
1.118416367021547686e+24
1.133651233406627269e+24
1.149088939702348442e+24
1.164732058103760934e+24
1.180583189903385356e+24
1.196644965722457199e+24
1.212920045741100033e+24
1.229411119927309546e+24
1.246120908264637804e+24
1.263052160978445564e+24
1.280207658760616158e+24
1.297590212992593694e+24
1.315202665966616273e+24
1.333047891105017565e+24
1.351128793177440479e+24
1.369448308515845916e+24
1.388009405227150149e+24
1.406815083403349934e+24
1.425868375328986602e+24
1.445172345685767700e+24
1.464730091754216512e+24
1.484544743612156452e+24
1.504619464329870088e+24
1.524957450161758832e+24
1.545561930734308430e+24
1.566436169230198099e+24
1.587583462568343948e+24
1.609007141579687429e+24
1.630710571178543857e+24
1.652697150529273449e+24
1.674970313208106569e+24
1.697533527359875403e+24
1.720390295849452893e+24
1.743544156407670766e+24
1.766998681771469145e+24
1.790757479818073748e+24
1.814824193692935976e+24
1.839202501931200235e+24
1.863896118572448007e+24
1.888908793268451871e+24
1.914244311383693844e+24
1.939906494088366455e+24
1.965899198443588654e+24
1.992226317478565438e+24
2.018891780259380606e+24
2.045899551949165500e+24
2.073253633859326415e+24
2.100958063491535962e+24
2.129016914570168928e+24
2.157434297064901319e+24
2.186214357203099731e+24
2.215361277471728855e+24
2.244879276608417671e+24
2.274772609581345315e+24
2.305045567557628240e+24
2.335702477859816223e+24
2.366747703910191472e+24
2.398185645162475423e+24
2.430020737020593193e+24
2.462257450744124172e+24
2.494900293340033945e+24
2.527953807440352823e+24
2.561422571165366639e+24
2.595311197971949101e+24
2.629624336486634132e+24
2.664366670322996548e+24
2.699542917882979214e+24
2.735157832141699614e+24
2.771216200415345528e+24
2.807722844111732453e+24
2.844682618463057317e+24
2.882100412240468378e+24
2.919981147449958448e+24
2.958329779009171294e+24
2.997151294404656265e+24
3.036450713329107303e+24
3.076233087298156295e+24
3.116503499246238664e+24
3.157267063101065727e+24
3.198528923336264118e+24
3.240294254501652402e+24
3.282568260730748978e+24
3.325356175224990002e+24
3.368663259714195049e+24
3.412494803892803809e+24
3.456856124831373757e+24
3.501752566362900196e+24
3.547189498443440578e+24
3.593172316486568526e+24
3.639706440671181865e+24
3.686797315222148756e+24
3.734450407663350063e+24
3.782671208042611710e+24
3.831465228128043280e+24
3.880838000575300227e+24
3.930795078065332689e+24
3.981342032412064690e+24
4.032484453639633301e+24
4.084227949028638003e+24
4.136578142130985247e+24
4.189540671752871875e+24
4.243121190905400590e+24
4.297325365722477444e+24
4.352158874345463590e+24
4.407627405774213551e+24
4.463736658684051706e+24
4.520492340208261810e+24
4.577900164685731436e+24
4.635965852373315949e+24
4.694695128122566061e+24
4.754093720020464632e+24
4.814167357993742156e+24
4.874921772376556164e+24
4.936362692441092722e+24
4.998495844890836069e+24
5.061326952316220782e+24
5.124861731612330390e+24
5.189105892358456682e+24
5.254065135159241603e+24
5.319745149947162294e+24
5.386151614246242247e+24
5.453290191396678255e+24
5.521166528740370273e+24
5.589786255767143740e+24
5.659154982221570946e+24
5.729278296170347417e+24
5.800161762030110577e+24
5.871810918555754380e+24
5.944231276789188358e+24
6.017428317968609822e+24
6.091407491398358996e+24
6.166174212279417216e+24
6.241733859500760806e+24
6.318091773391660808e+24
6.395253253435215263e+24
6.473223555943264374e+24
6.552007891693090120e+24
6.631611423526086081e+24
6.712039263908880659e+24
6.793296472457246560e+24
6.875388053423272189e+24
6.958318953146285682e+24
7.042094057468025469e+24
7.126718189112702714e+24
7.212196105032562270e+24
7.298532493719566014e+24
7.385731972484028556e+24
7.473799084700842045e+24
7.562738297024260747e+24
7.652553996572012036e+24
7.743250488079718428e+24
7.834831991026618491e+24
7.927302636733549787e+24
8.020666465434398576e+24
8.114927423322079290e+24
8.210089359570267850e+24
8.306156023332199849e+24
8.403131060717726539e+24
8.501018011750157634e+24
8.599820307304221279e+24
8.699541266026663770e+24
8.800184091241069561e+24
8.901751867838416611e+24
9.004247559155181691e+24
9.107674003840600908e+24
9.212033912714915081e+24
9.317329865620505881e+24
9.423564308267696545e+24
9.530739549077309888e+24
9.638857756021961448e+24
9.747920953468139688e+24
9.857931019021277637e+24
9.968889680375906551e+24
1.008079851217328390e+25
1.019365893286867535e+25
1.030747220161072388e+25
1.042223941513527573e+25
1.053796150467621232e+25
1.065463923289563951e+25
1.077227319083616595e+25
1.089086379489783023e+25
1.101041128384224734e+25
1.113091571582684145e+25
1.125237696547169244e+25
1.137479472096200283e+25
1.149816848118883493e+25
1.162249755293106689e+25
1.174778104808143216e+25
1.187401788091947946e+25
1.200120676543456261e+25
1.212934621270168632e+25
1.225843452831324468e+25
1.238846980986973370e+25
1.251944994453224918e+25
1.265137260664011991e+25
1.278423525539644426e+25
1.291803513262472999e+25
1.305276926059966088e+25
1.318843443995497305e+25
1.332502724767158925e+25
1.346254403514898736e+25
1.360098092636279044e+25
1.374033381611169208e+25
1.388059836835648732e+25
1.402177001465440674e+25
1.416384395269149822e+25
1.430681514491598982e+25
1.445067831727553289e+25
1.459542795806095179e+25
1.474105831685949159e+25
1.488756340362004000e+25
1.503493698783308059e+25
1.518317259782793525e+25
1.533226352018969660e+25
1.548220279929840593e+25
1.563298323699280662e+25
1.578459739236082710e+25
1.593703758165911886e+25
1.609029587836368774e+25
1.624436411335349302e+25
1.639923387522914040e+25
1.655489651076821946e+25
1.671134312551912796e+25
1.686856458453487342e+25
1.702655151324821785e+25
1.718529429848966656e+25
1.734478308964935993e+25
1.750500779998392027e+25
1.766595810806932113e+25
1.782762345940035034e+25
1.798999306813754497e+25
1.815305591900193766e+25
1.831680076931806085e+25
1.848121615120539805e+25
1.864629037391828202e+25
1.881201152633420767e+25
1.897836747959030418e+25
1.914534588986747027e+25
1.931293420132175592e+25
1.948111964916194697e+25
1.964988926287283500e+25
1.981922986958279164e+25
1.998912809757458441e+25
2.015957037993798865e+25
2.033054295836249707e+25
2.050203188706866655e+25
2.067402303687595034e+25
2.084650209940509166e+25
2.101945459141280655e+25
2.119286585925628640e+25
2.136672108348517516e+25
2.154100528355808762e+25
2.171570332268090728e+25
2.189079991276390447e+25
2.206627961949427307e+25
2.224212686752107522e+25
2.241832594574883141e+25
2.259486101273635882e+25
2.277171610219702242e+25
2.294887512859643452e+25
2.312632189284377609e+25
2.330404008807245340e+25
2.348201330550590660e+25
2.366022504040414231e+25
2.383865869808659629e+25
2.401729760002664053e+25
2.419612499001314759e+25
2.437512404037424614e+25
2.455427785825854309e+25
2.473356949196873581e+25
2.491298193734264929e+25
2.509249814417670766e+25
2.527210102268657860e+25
2.545177344999989258e+25
2.563149827667585290e+25
2.581125833324620459e+25
2.599103643677272175e+25
2.617081539741542374e+25
2.635057802500651654e+25
2.653030713562460899e+25
2.670998555816372785e+25
2.688959614089206355e+25
2.706912175799491050e+25
2.724854531609661356e+25
2.742784976075619933e+25
2.760701808293143498e+25
2.778603332540624689e+25
2.796487858917623749e+25
2.814353703978722801e+25
2.832199191362196967e+25
2.850022652412979618e+25
2.867822426799460903e+25
2.885596863123633387e+25
2.903344319524105885e+25
2.921063164271549140e+25
2.938751776356089720e+25
2.956408546066250571e+25
2.974031875558990666e+25
2.991620179420425014e+25
3.009171885216848781e+25
3.026685434035634727e+25
3.044159281015670264e+25
3.061591895866941119e+25
3.078981763378932201e+25
3.096327383917493895e+25
3.113627273909880023e+25
3.130879966317621166e+25
3.148084011096973932e+25
3.165237975646665716e+25
3.182340445242653193e+25
3.199390023459707718e+25
3.216385332579533426e+25
3.233325013985281881e+25
3.250207728542213744e+25
3.267032156964356689e+25
3.283797000167019141e+25
3.300500979604968274e+25
3.317142837596209549e+25
3.333721337631205039e+25
3.350235264667460935e+25
3.366683425409430141e+25
3.383064648573611823e+25
3.399377785138880577e+25
3.415621708581952853e+25
3.431795315097999669e+25
3.447897523806446412e+25
3.463927276941906469e+25
3.479883540030356490e+25
3.495765302050554141e+25
3.511571575580768366e+25
3.527301396930934235e+25
3.542953826260268484e+25
3.558527947680507206e+25
3.574022869344835734e+25
3.589437723522669599e+25
3.604771666660433902e+25
3.620023879428460065e+25
3.635193566754216418e+25
3.650279957842009647e+25
3.665282306179352512e+25
3.680199889530234059e+25
3.695032009915426342e+25
3.709777993580129141e+25
3.724437190949109031e+25
3.739008976569604234e+25
3.753492749042234484e+25
3.767887930940147414e+25
3.782193968716681907e+25
3.796410332601791099e+25
3.810536516487493453e+25
3.824572037802662001e+25
3.838516437377362659e+25
3.852369279297106648e+25
3.866130150747234817e+25
3.879798661847760686e+25
3.893374445478974587e+25
3.906857157098071324e+25
3.920246474547138937e+25
3.933542097852789455e+25
3.946743749017723279e+25
3.959851171804577217e+25
3.972864131512295848e+25
3.985782414745398146e+25
3.998605829176392775e+25
4.011334203301661599e+25
4.023967386191148123e+25
4.036505247232087109e+25
4.048947675867151583e+25
4.061294581327246600e+25
4.073545892359305382e+25
4.085701556949345534e+25
4.097761542041082544e+25
4.109725833250416675e+25
4.121594434576026905e+25
4.133367368106422370e+25
4.145044673723664361e+25
4.156626408804068082e+25
4.168112647916164238e+25
4.179503482516146334e+25
4.190799020641114664e+25
4.201999386600332588e+25
4.213104720664763099e+25
4.224115178755150264e+25
4.235030932128846528e+25
4.245852167065667637e+25
4.256579084552974471e+25
4.267211899970209413e+25
4.277750842773140664e+25
4.288196156177974266e+25
4.298548096845600135e+25
4.308806934566126713e+25
4.318972951943927581e+25
4.329046444083395879e+25
4.339027718275564596e+25
4.348917093685805755e+25
4.358714901042755378e+25
4.368421482328636040e+25
4.378037190471168552e+25
4.387562389037172435e+25
4.396997451928064760e+25
4.406342763077357016e+25
4.415598716150304606e+25
4.424765714245859315e+25
4.433844169601006334e+25
4.442834503297656795e+25
4.451737144972179135e+25
4.460552532527679232e+25
4.469281111849168487e+25
4.477923336521655913e+25
4.486479667551330023e+25
4.494950573089863162e+25
4.503336528161937067e+25
4.511638014396093584e+25
4.519855519758938039e+25
4.527989538292805217e+25
4.536040569856921436e+25
4.544009119872135744e+25
4.551895699069278645e+25
4.559700823241179275e+25
4.567425012998408039e+25
4.575068793528767885e+25
4.582632694360577189e+25
4.590117249129791467e+25
4.597522995350955351e+25
4.604850474192056968e+25
4.612100230253268398e+25
4.619272811349599722e+25
4.626368768297502706e+25
4.633388654705394941e+25
4.640333026768145659e+25
4.647202443065512915e+25
4.653997464364527847e+25
4.660718653425847489e+25
4.667366574814028881e+25
4.673941794711775173e+25
4.680444880738085849e+25
4.686876401770331693e+25
4.693236927770244193e+25
4.699527029613766969e+25
4.705747278924796737e+25
4.711898247912751077e+25
4.717980509213955292e+25
4.723994635736843198e+25
4.729941200510893673e+25
4.735820776539334757e+25
4.741633936655534544e+25
4.747381253383071152e+25
4.753063298799444816e+25
4.758680644403395188e+25
4.764233860985780009e+25
4.769723518503995425e+25
4.775150185959870926e+25
4.780514431281034614e+25
4.785816821205671502e+25
4.791057921170659375e+25
4.796238295203026372e+25
4.801358505814692508e+25
4.806419113900443584e+25
4.811420678639098834e+25
4.816363757397831080e+25
4.821248905639574114e+25
4.826076676833500109e+25
4.830847622368488060e+25
4.835562291469561757e+25
4.840221231117235457e+25
4.844824985969723428e+25
4.849374098287967009e+25
4.853869107863425038e+25
4.858310551948587293e+25
4.862698965190155972e+25
4.867034879564846236e+25
4.871318824317771472e+25
4.875551325903335086e+25
4.879732907928616829e+25
4.883864091099178037e+25
4.887945393167245428e+25
4.891977328882236516e+25
4.895960409943557917e+25
4.899895144955652508e+25
4.903782039385230138e+25
4.907621595520639818e+25
4.911414312433344721e+25
4.915160685941447605e+25
4.918861208575209093e+25
4.922516369544550234e+25
4.926126654708435403e+25
4.929692546546162156e+25
4.933214524130447253e+25
4.936693063102306249e+25
4.940128635647679426e+25
4.943521710475737911e+25
4.946872752798860539e+25
4.950182224314206726e+25
4.953450583186873325e+25
4.956678284034579631e+25
4.959865777913831576e+25
4.963013512307556512e+25
4.966121931114133872e+25
4.969191474637801067e+25
4.972222579580409727e+25
4.975215679034455831e+25
4.978171202477394022e+25
4.981089575767167415e+25
4.983971221138923656e+25
4.986816557202896649e+25
4.989625998943398098e+25
4.992399957718905120e+25
4.995138841263196698e+25
4.997843053687506318e+25
5.000512995483680485e+25
5.003149063528271828e+25
5.005751651087581395e+25
5.008321147823580548e+25
5.010857939800708184e+25
5.013362409493503747e+25
5.015834935795053712e+25
5.018275894026209443e+25
5.020685655945568699e+25
5.023064589760177833e+25
5.025413060136940941e+25
5.027731428214699028e+25
5.030020051616958578e+25
5.032279284465253191e+25
5.034509477393091064e+25
5.036710977560502903e+25
5.038884128669119832e+25
5.041029270977804504e+25
5.043146741318773542e+25
5.045236873114227658e+25
5.047299996393435311e+25
5.049336437810267342e+25
5.051346520661161963e+25
5.053330564903495193e+25
5.055288887174342130e+25
5.057221800809602445e+25
5.059129615863484926e+25
5.061012639128322743e+25
5.062871174154709972e+25
5.064705521271931033e+25
5.066515977608682195e+25
5.068302837114055922e+25
5.070066390578783784e+25
5.071806925656710434e+25
5.073524726886497795e+25
5.075220075713530252e+25
5.076893250512021711e+25
5.078544526607303898e+25
5.080174176298278730e+25
5.081782468880029605e+25
5.083369670666576993e+25
5.084936045013762880e+25
5.086481852342258054e+25
5.088007350160675896e+25
5.089512793088785820e+25
5.090998432880808322e+25
5.092464518448795913e+25
5.093911295886077638e+25
5.095339008490749104e+25
5.096747896789230377e+25
5.098138198559847932e+25
5.099510148856449241e+25
5.100863980032045706e+25
5.102199921762453882e+25
5.103518201069965038e+25
5.104819042346984658e+25
5.106102667379686546e+25
5.107369295371632565e+25
5.108619142967378640e+25
5.109852424276048113e+25
5.111069350894862152e+25
5.112270131932637518e+25
5.113454974033223340e+25
5.114624081398894088e+25
5.115777655813669520e+25
5.116915896666587402e+25
5.118039000974882579e+25
5.119147163407106787e+25
5.120240576306163422e+25
5.121319429712252974e+25
5.122383911385736854e+25
5.123434206829899003e+25
5.124470499313616448e+25
5.125492969893925061e+25
5.126501797438479660e+25
5.127497158647912748e+25
5.128479228078065267e+25
5.129448178162122858e+25
5.130404179232616401e+25
5.131347399543312605e+25
5.132278005290974029e+25
5.133196160636997989e+25
5.134102027728919738e+25
5.134995766721796252e+25
5.135877535799440547e+25
5.136747491195534018e+25
5.137605787214595333e+25
5.138452576252810163e+25
5.139288008818720038e+25
5.140112233553770331e+25
5.140925397252708778e+25
5.141727644883847411e+25
5.142519119609165584e+25
5.143299962804276420e+25
5.144070314078234336e+25
5.144830311293199983e+25
5.145580090583942835e+25
5.146319786377207192e+25
5.147049531410909830e+25
5.147769456753191613e+25
5.148479691821314493e+25
5.149180364400400449e+25
5.149871600662018391e+25
5.150553525182609567e+25
5.151226260961764369e+25
5.151889929440335067e+25
5.152544650518397363e+25
5.153190542573048738e+25
5.153827722476057327e+25
5.154456305611348452e+25
5.155076405892333955e+25
5.155688135779085195e+25
5.156291606295349710e+25
5.156886927045413256e+25
5.157474206230797785e+25
5.158053550666810807e+25
5.158625065798934132e+25
5.159188855719057983e+25
5.159745023181559639e+25
5.160293669619228313e+25
5.160834895159031976e+25
5.161368798637732143e+25
5.161895477617350048e+25
5.162415028400467034e+25
5.162927546045384075e+25
5.163433124381128386e+25
5.163931856022298549e+25
5.164423832383775641e+25
5.164909143695265983e+25
5.165387879015710764e+25
5.165860126247536740e+25
