2.098130796460209340e+21
2.127346741681858806e+21
2.156969492113546281e+21
2.187004711597398819e+21
2.217458142816401097e+21
2.248335608391419822e+21
2.279643011993500123e+21
2.311386339471618212e+21
2.343571659996113666e+21
2.376205127218027299e+21
2.409292980444532834e+21
2.442841545830738428e+21
2.476857237588039696e+21
2.511346559209269363e+21
2.546316104710894387e+21
2.581772559892451688e+21
2.617722703613516055e+21
2.654173409088413630e+21
2.691131645198913765e+21
2.728604477825195966e+21
2.766599071195284374e+21
2.805122689253257511e+21
2.844182697046470820e+21
2.883786562132050444e+21
2.923941856002951873e+21
2.964656255533806780e+21
3.005937544446890476e+21
3.047793614798443774e+21
3.090232468485658640e+21
3.133262218774604939e+21
3.176891091849367257e+21
3.221127428382734680e+21
3.265979685128692564e+21
3.311456436537057083e+21
3.357566376390520472e+21
3.404318319464470807e+21
3.451721203209833808e+21
3.499784089459318325e+21
3.548516166157356499e+21
3.597926749114068894e+21
3.648025283783617413e+21
3.698821347067213906e+21
3.750324649141211234e+21
3.802545035310574600e+21
3.855492487888080208e+21
3.909177128099648111e+21
3.963609218016076628e+21
4.018799162511661728e+21
4.074757511249981342e+21
4.131494960697256706e+21
4.189022356163695477e+21
4.247350693873130668e+21
4.306491123061436711e+21
4.366454948104066564e+21
4.427253630673117774e+21
4.488898791924341146e+21
4.551402214714548158e+21
4.614775845849726452e+21
4.679031798364426994e+21
4.744182353832755331e+21
4.810239964711446643e+21
4.877217256715472339e+21
4.945127031226571424e+21
5.013982267735263937e+21
5.083796126316711903e+21
5.154581950140943172e+21
5.226353268017933058e+21
5.299123796977940169e+21
5.372907444887694082e+21
5.447718313102865859e+21
5.523570699157304771e+21
5.600479099489644184e+21
5.678458212207636251e+21
5.757522939890917966e+21
5.837688392432591307e+21
5.918969889920235078e+21
6.001382965556888470e+21
6.084943368622481342e+21
6.169667067476394902e+21
6.255570252601615188e+21
6.342669339691094901e+21
6.430980972776938013e+21
6.520522027402909450e+21
6.611309613840954556e+21
6.703361080352307151e+21
6.796694016493782827e+21
6.891326256469914943e+21
6.987275882531504783e+21
7.084561228421317788e+21
7.183200882867482657e+21
7.283213693125324177e+21
7.384618768568265212e+21
7.487435484328435384e+21
7.591683484987757167e+21
7.697382688320150045e+21
7.804553289085530145e+21
7.913215762876439986e+21
8.023390870017824260e+21
8.135099659520919470e+21
8.248363473091824714e+21
8.363203949195595612e+21
8.479643027176619508e+21
8.597702951435971330e+21
8.717406275666647712e+21
8.838775867147394482e+21
8.961834911095954866e+21
9.086606915082600317e+21
9.213115713504644432e+21
9.341385472122947633e+21
9.471440692661150810e+21
9.603306217468514533e+21
9.737007234247322239e+21
9.872569280845536297e+21
1.001001825011587508e+22
1.014938039484199364e+22
1.029068233273279041e+22
1.043395105148583385e+22
1.057921391392062649e+22
1.072649866318298533e+22
1.087583342802127710e+22
1.102724672813554834e+22
1.118076747960065982e+22
1.133642500036420751e+22
1.149424901582052812e+22
1.165426966446164725e+22
1.181651750360625394e+22
1.198102351520788487e+22
1.214781911174312310e+22
1.231693614218138039e+22
1.248840689803680809e+22
1.266226411950389907e+22
1.283854100167783350e+22
1.301727120086040943e+22
1.319848884095334272e+22
1.338222851993945873e+22
1.356852531645346585e+22
1.375741479644331350e+22
1.394893301992340115e+22
1.414311654782099522e+22
1.434000244891685644e+22
1.453962830688177200e+22
1.474203222740991109e+22
1.494725284545055372e+22
1.515532933253951390e+22
1.536630140423145049e+22
1.558020932763466387e+22
1.579709392904963857e+22
1.601699660171278968e+22
1.623995931364683678e+22
1.646602461561919373e+22
1.669523564920998094e+22
1.692763615499104394e+22
1.716327048081748630e+22
1.740218359023338625e+22
1.764442107099294047e+22
1.789002914369898126e+22
1.813905467056021150e+22
1.839154516426881604e+22
1.864754879700016929e+22
1.890711440953611334e+22
1.917029152051371495e+22
1.943713033580102183e+22
1.970768175800158834e+22
1.998199739608961594e+22
2.026012957517722472e+22
2.054213134641593005e+22
2.082805649703401895e+22
2.111795956051153309e+22
2.141189582689502285e+22
2.170992135325358647e+22
2.201209297427845087e+22
2.231846831302773834e+22
2.262910579181869649e+22
2.294406464326893935e+22
2.326340492148923695e+22
2.358718751342938869e+22
2.391547415037960887e+22
2.424832741962940416e+22
2.458581077628583045e+22
2.492798855525381754e+22
2.527492598338003403e+22
2.562668919176312757e+22
2.598334522823220711e+22
2.634496206999583195e+22
2.671160863646401587e+22
2.708335480224539371e+22
2.746027141032181550e+22
2.784243028540301876e+22
2.822990424746349298e+22
2.862276712546418295e+22
2.902109377126141316e+22
2.942496007370547030e+22
2.983444297293155743e+22
3.024962047484545204e+22
3.067057166580663609e+22
3.109737672751159496e+22
3.153011695207952102e+22
3.196887475734380229e+22
3.241373370235132628e+22
3.286477850307285798e+22
3.332209504832714703e+22
3.378577041592134769e+22
3.425589288901121199e+22
3.473255197268315315e+22
3.521583841076193316e+22
3.570584420284644930e+22
3.620266262157664348e+22
3.670638823013490255e+22
3.721711689998481018e+22
3.773494582885025317e+22
3.825997355893857347e+22
3.879229999541012713e+22
3.933202642509842770e+22
3.987925553548357114e+22
4.043409143392228082e+22
4.099663966713830965e+22
4.156700724097613562e+22
4.214530264042190143e+22
4.273163584989468557e+22
4.332611837381171164e+22
4.392886325743136329e+22
4.453998510797720912e+22
4.515960011604695502e+22
4.578782607731021631e+22
4.642478241449812951e+22
4.707059019968966925e+22
4.772537217689745516e+22
4.838925278495772980e+22
4.906235818072815645e+22
4.974481626259711957e+22
5.043675669430909954e+22
5.113831092910992182e+22
5.184961223421581486e+22
5.257079571561094054e+22
5.330199834317708853e+22
5.404335897616015635e+22
5.479501838897770188e+22
5.555711929737165354e+22
5.632980638491111064e+22
5.711322632984901714e+22
5.790752783233791820e+22
5.871286164200907761e+22
5.952938058591931833e+22
6.035723959687077849e+22
6.119659574210788642e+22
6.204760825239657094e+22
6.291043855149068137e+22
6.378525028598975300e+22
6.467220935559430852e+22
6.557148394376257969e+22
6.648324454877411829e+22
6.740766401520580795e+22
6.834491756582447088e+22
6.929518283390239480e+22
7.025863989596046072e+22
7.123547130494391314e+22
7.222586212383704744e+22
7.322999995972153718e+22
7.424807499828395455e+22
7.528028003877877554e+22
7.632681052945127362e+22
7.738786460342739901e+22
7.846364311507490465e+22
7.955434967684300040e+22
8.066019069658520774e+22
8.178137541537193316e+22
8.291811594579887522e+22
8.407062731079648333e+22
8.523912748294773250e+22
8.642383742431973396e+22
8.762498112681490252e+22
8.884278565304918029e+22
9.007748117776298725e+22
9.132930102977061978e+22
9.259848173445646909e+22
9.388526305682222010e+22
9.518988804509365436e+22
9.651260307489281173e+22
9.785365789398170128e+22
9.921330566758583291e+22
1.005918030243026698e+23
1.019894101026033904e+23
1.034063905979343684e+23
1.048430118104244452e+23
1.062995446932073548e+23
1.077762639013638329e+23
1.092734478414926022e+23
1.107913787219166783e+23
1.123303426035322087e+23
1.138906294513075969e+23
1.154725331864406794e+23
1.170763517391801460e+23
1.187023871023205990e+23
1.203509453853774253e+23
1.220223368694498863e+23
1.237168760627803288e+23
1.254348817570163264e+23
1.271766770841854683e+23
1.289425895743882118e+23
1.307329512142193526e+23
1.325480985059246735e+23
1.343883725273005210e+23
1.362541189923464272e+23
1.381456883126761968e+23
1.400634356596984806e+23
1.420077210275733286e+23
1.439789092969533973e+23
1.459773702995193899e+23
1.480034788833160719e+23
1.500576149788995155e+23
1.521401636663032734e+23
1.542515152428309980e+23
1.563920652916864120e+23
1.585622147514476423e+23
1.607623699863947759e+23
1.629929428577003525e+23
1.652543507954904932e+23
1.675470168717864311e+23
1.698713698743352337e+23
1.722278443813368989e+23
1.746168808370807421e+23
1.770389256284948000e+23
1.794944311626218728e+23
1.819838559450292866e+23
1.845076646591600578e+23
1.870663282466381785e+23
1.896603239885328876e+23
1.922901355875945100e+23
1.949562532514693141e+23
1.976591737769021439e+23
2.003994006349375980e+23
2.031774440571273384e+23
2.059938211227529569e+23
2.088490558470753396e+23
2.117436792706161653e+23
2.146782295494844230e+23
2.176532520467542573e+23
2.206692994249055493e+23
2.237269317393334749e+23
2.268267165329390190e+23
2.299692289318079284e+23
2.331550517419870624e+23
2.363847755473684089e+23
2.396589988086869393e+23
2.429783279636444841e+23
2.463433775281664720e+23
2.497547701988002586e+23
2.532131369562659493e+23
2.567191171701637089e+23
2.602733587048513153e+23
2.638765180264981662e+23
2.675292603113223467e+23
2.712322595550241814e+23
2.749861986834165059e+23
2.787917696642687015e+23
2.826496736203659385e+23
2.865606209437943632e+23
2.905253314114604174e+23
2.945445343018479476e+23
2.986189685130269274e+23
3.027493826819157068e+23
3.069365353048063177e+23
3.111811948591607531e+23
3.154841399266804708e+23
3.198461593176631442e+23
3.242680521966461596e+23
3.287506282093469248e+23
3.332947076109048207e+23
3.379011213954321125e+23
3.425707114268755629e+23
3.473043305711982787e+23
3.521028428298855477e+23
3.569671234747776872e+23
3.618980591842378876e+23
3.668965481806543161e+23
3.719635003692864095e+23
3.770998374784530771e+23
3.823064932010713342e+23
3.875844133375451668e+23
3.929345559400057668e+23
3.983578914579101180e+23
4.038554028849961212e+23
4.094280859075963372e+23
4.150769490543126983e+23
4.208030138470491677e+23
4.266073149534077819e+23
4.324909003404433802e+23
4.384548314297770862e+23
4.445001832540715635e+23
4.506280446148552258e+23
4.568395182417074150e+23
4.631357209527902536e+23
4.695177838167283770e+23
4.759868523158337980e+23
4.825440865106643565e+23
4.891906612059205230e+23
4.959277661176650510e+23
5.027566060418640034e+23
5.096784010242425084e+23
5.166943865314400786e+23
5.238058136234654937e+23
5.310139491274362800e+23
5.383200758125926558e+23
5.457254925665778868e+23
5.532315145729656593e+23
5.608394734900303763e+23
5.685507176307409153e+23
5.763666121439625473e+23
5.842885391968538628e+23
5.923178981584430694e+23
6.004561057843571526e+23
6.087045964026957791e+23
6.170648221010249122e+23
6.255382529144673880e+23
6.341263770148728713e+23
6.428307009010356485e+23
6.516527495899456293e+23
6.605940668090400752e+23
6.696562151894292124e+23
6.788407764600715687e+23
6.881493516428601123e+23
6.975835612485987913e+23
7.071450454738297443e+23
7.168354643984777635e+23
7.266564981842804684e+23
7.366098472739569444e+23
7.466972325910906898e+23
7.569203957406714361e+23
7.672810992102647058e+23
7.777811265717621290e+23
7.884222826836565531e+23
7.992063938938164405e+23
8.101353082426864089e+23
8.212108956668792846e+23
8.324350482031016862e+23
8.438096801923492521e+23
8.553367284843304410e+23
8.670181526420466958e+23
8.788559351464724655e+23
8.908520816012736133e+23
9.030086209374879754e+23
9.153276056181155918e+23
9.278111118425360632e+23
9.404612397506825730e+23
9.532801136269037173e+23
9.662698821034204012e+23
9.794327183633171329e+23
9.927708203429669194e+23
1.006286410933814736e+24
1.019981738183429643e+24
1.033859075495724080e+24
1.047920721830263705e+24
1.062169001900555966e+24
1.076606266371224803e+24
1.091234892053964504e+24
1.106057282102173125e+24
1.121075866204143077e+24
1.136293100774713836e+24
1.151711469145256335e+24
1.167333481751877756e+24
1.183161676321725407e+24
1.199198618057250473e+24
1.215446899818325510e+24
1.231909142302058749e+24
1.248587994220185373e+24
1.265486132473891343e+24
1.282606262325914213e+24
1.299951117569792489e+24
1.317523460696098585e+24
1.335326083055500204e+24
1.353361805018503863e+24
1.371633476131687821e+24
1.390143975270294747e+24
1.408896210786980131e+24
1.427893120656554827e+24
1.447137672616547254e+24
1.466632864303376138e+24
1.486381723383974888e+24
1.506387307682653117e+24
1.526652705303002308e+24
1.547181034744651817e+24
1.567975445014646505e+24
1.589039115733259155e+24
1.610375257234004700e+24
1.631987110657637990e+24
1.653877948039917967e+24
1.676051072392883740e+24
1.698509817779439113e+24
1.721257549380975499e+24
1.744297663557807483e+24
1.767633587902162783e+24
1.791268781283458721e+24
1.815206733885631933e+24
1.839450967236230601e+24
1.864005034227011229e+24
1.888872519125755450e+24
1.914057037579044300e+24
1.939562236605669201e+24
1.965391794580427056e+24
1.991549421207980532e+24
2.018038857486483721e+24
2.044863875660681631e+24
2.072028279164143143e+24
2.099535902550342626e+24
2.127390611412253317e+24
2.155596302290120681e+24
2.184156902567102493e+24
2.213076370352410561e+24
2.242358694351648883e+24
2.272007893723971362e+24
2.302028017925727539e+24
2.332423146540235064e+24
2.363197389093309767e+24
2.394354884854207893e+24
2.425899802621599281e+24
2.457836340494197059e+24
2.490168725625684930e+24
2.522901213963523025e+24
2.556038089971297604e+24
2.589583666334181855e+24
2.623542283647144356e+24
2.657918310085501464e+24
2.692716141057395938e+24
2.727940198837835123e+24
2.763594932183857591e+24
2.799684815930425032e+24
2.836214350566649640e+24
2.873188061791900125e+24
2.910610500051428228e+24
2.948486240051057289e+24
2.986819880250535550e+24
3.025616042335141368e+24
3.064879370665086117e+24
3.104614531702347050e+24
3.144826213414471612e+24
3.185519124654953245e+24
3.226697994519733082e+24
3.268367571679468363e+24
3.310532623687061294e+24
3.353197936260120880e+24
3.396368312537894386e+24
3.440048572312261499e+24
3.484243551232417514e+24
3.528958099982781161e+24
3.574197083433788307e+24
3.619965379765143631e+24
3.666267879561136771e+24
3.713109484877671274e+24
3.760495108280558603e+24
3.808429671854792665e+24
3.856918106184373202e+24
3.905965349302339841e+24
3.955576345610697870e+24
4.005756044769826674e+24
4.056509400557116868e+24
4.107841369694472145e+24
4.159756910644377328e+24
4.212260982374242722e+24
4.265358543088722507e+24
4.319054548929756445e+24
4.373353952644080440e+24
4.428261702217934815e+24
4.483782739478799593e+24
4.539921998663858273e+24
4.596684404955105819e+24
4.654074872980843161e+24
4.712098305283441170e+24
4.770759590753249549e+24
4.830063603028477782e+24
4.890015198861034699e+24
4.950619216448208023e+24
5.011880473730133428e+24
5.073803766653084250e+24
5.136393867398490576e+24
5.199655522577823543e+24
5.263593451393332506e+24
5.328212343764732772e+24
5.393516858421979204e+24
5.459511620964264194e+24
5.526201221885364581e+24
5.593590214565644575e+24
5.661683113230856446e+24
5.730484390878078269e+24
5.799998477169084003e+24
5.870229756291436895e+24
5.941182564787790459e+24
6.012861189353730967e+24
6.085269864604647859e+24
6.158412770812171089e+24
6.232294031610603826e+24
6.306917711674065627e+24
6.382287814364885103e+24
6.458408279353909936e+24
6.535282980213499831e+24
6.612915721983860608e+24
6.691310238713614931e+24
6.770470190975403176e+24
6.850399163357416365e+24
6.931100661931803935e+24
7.012578111700914095e+24
7.094834854022469529e+24
7.177874144014688810e+24
7.261699147942534664e+24
7.346312940586278773e+24
7.431718502593542769e+24
7.517918717816209131e+24
7.604916370633475444e+24
7.692714143262425332e+24
7.781314613057634349e+24
7.870720249801154056e+24
7.960933412984606255e+24
8.051956349084813291e+24
8.143791188834710333e+24
8.236439944491197492e+24
8.329904507101648691e+24
8.424186643770939143e+24
8.519287994930789974e+24
8.615210071613309024e+24
8.711954252730760425e+24
8.809521782363388316e+24
8.907913767057528080e+24
9.007131173135929244e+24
9.107174824022509475e+24
9.208045397583656001e+24
9.309743423488360475e+24
9.412269280589314347e+24
9.515623194327420395e+24
9.619805234161910859e+24
9.724815311028544990e+24
9.830653174828237521e+24
9.937318411948513571e+24
1.004481044282036804e+25
1.015312851951293680e+25
1.026227172336851166e+25
1.037223896268050060e+25
1.048302897041679663e+25
1.059464030199125670e+25
1.070707133308582256e+25
1.082032025752590138e+25
1.093438508521169905e+25
1.104926364010800367e+25
1.116495355829523032e+25
1.128145228608423755e+25
1.139875707819760408e+25
1.151686499602002671e+25
1.163577290592037960e+25
1.175547747764813459e+25
1.187597518280672581e+25
1.199726229340636686e+25
1.211933488049902005e+25
1.224218881289783039e+25
1.236581975598375178e+25
1.249022317060167811e+25
1.261539431204857044e+25
1.274132822915595324e+25
1.286801976346903441e+25
1.299546354852492106e+25
1.312365400923194943e+25
1.325258536135244418e+25
1.338225161109099417e+25
1.351264655479018418e+25
1.364376377873591253e+25
1.377559665907406236e+25
1.390813836184043537e+25
1.404138184310556521e+25
1.417531984923625311e+25
1.430994491727510123e+25
1.444524937543978329e+25
1.458122534374329798e+25
1.471786473473630680e+25
1.485515925437314121e+25
1.499310040300191072e+25
1.513167947648032246e+25
1.527088756741747225e+25
1.541071556654251748e+25
1.555115416420104375e+25
1.569219385197901777e+25
1.583382492445531868e+25
1.597603748108247633e+25
1.611882142819595363e+25
1.626216648115201803e+25
1.640606216659357299e+25
1.655049782484415992e+25
1.669546261242915761e+25
1.684094550472375413e+25
1.698693529872715002e+25
1.713342061596151079e+25
1.728038990549532119e+25
1.742783144708936495e+25
1.757573335446422211e+25
1.772408357868799747e+25
1.787286991168214995e+25
1.802207998984425020e+25
1.817170129778530232e+25
1.832172117217965367e+25
1.847212680572566988e+25
1.862290525121421562e+25
1.877404342570312659e+25
1.892552811479456102e+25
1.907734597701270518e+25
1.922948354827918518e+25
1.938192724648264801e+25
1.953466337614008525e+25
1.968767813314608337e+25
1.984095760960689530e+25
1.999448779875608849e+25
2.014825459994768061e+25
2.030224382372370275e+25
2.045644119695189514e+25
2.061083236802990613e+25
2.076540291215223206e+25
2.092013833663532385e+25
2.107502408629736002e+25
2.123004554888805163e+25
2.138518806056428328e+25
2.154043691140757838e+25
2.169577735097848832e+25
2.185119459390397981e+25
2.200667382549298441e+25
2.216220020737562184e+25
2.231775888316193965e+25
2.247333498411489502e+25
2.262891363483370030e+25
2.278447995894237832e+25
2.294001908477912091e+25
2.309551615108200953e+25
2.325095631266594846e+25
2.340632474608697500e+25
2.356160665528844071e+25
2.371678727722545998e+25
2.387185188746228762e+25
2.402678580573853623e+25
2.418157440149986580e+25
2.433620309938833485e+25
2.449065738468855212e+25
2.464492280872497727e+25
2.479898499420620886e+25
2.495282964051244124e+25
2.510644252892143471e+25
2.525980952776967041e+25
2.541291659754423156e+25
2.556574979590188079e+25
2.571829528261177292e+25
2.587053932441768866e+25
2.602246829981701038e+25
2.617406870375237683e+25
2.632532715221304484e+25
2.647623038674308030e+25
2.662676527885267605e+25
2.677691883433043226e+25
2.692667819745327044e+25
2.707603065509151595e+25
2.722496364070688980e+25
2.737346473824048053e+25
2.752152168588911138e+25
2.766912237976744417e+25
2.781625487745408471e+25
2.796290740142013057e+25
2.810906834233781210e+25
2.825472626226857787e+25
2.839986989772839569e+25
2.854448816262954751e+25
2.868857015109776715e+25
2.883210514016342390e+25
2.897508259232644261e+25
2.911749215799385654e+25
2.925932367778958066e+25
2.940056718473630657e+25
2.954121290630872020e+25
2.968125126635845888e+25
2.982067288691049007e+25
2.995946858983107473e+25
3.009762939836792546e+25
3.023514653856246041e+25
3.037201144053517110e+25
3.050821573964442170e+25
3.064375127751955194e+25
3.077861010296938721e+25
3.091278447276674440e+25
3.104626685231052261e+25
3.117904991616616891e+25
3.131112654848614709e+25
3.144248984331179652e+25
3.157313310475787834e+25
3.170304984708180169e+25
3.183223379463885732e+25
3.196067888172545123e+25
3.208837925231232285e+25
3.221532925966925501e+25
3.234152346588392170e+25
3.246695664127635944e+25
3.259162376371154060e+25
3.271552001781233352e+25
3.283864079407473496e+25
3.296098168788817946e+25
3.308253849846288845e+25
3.320330722766684892e+25
3.332328407877498155e+25
3.344246545513262841e+25
3.356084795873639708e+25
3.367842838873438376e+25
3.379520373984862754e+25
3.391117120072249713e+25
3.402632815219523505e+25
3.414067216550674286e+25
3.425420100043479373e+25
3.436691260336764010e+25
3.447880510531458052e+25
3.458987681985692957e+25
3.470012624104238003e+25
3.480955204122502090e+25
3.491815306885386736e+25
3.502592834621250103e+25
3.513287706711223020e+25
3.523899859454159591e+25
3.534429245827453479e+25
3.544875835243996011e+25
3.555239613305508044e+25
3.565520581552492558e+25
3.575718757211081117e+25
3.585834172936972648e+25
3.595866876556740686e+25
3.605816930806719121e+25
3.615684413069705239e+25
3.625469415109715429e+25
3.635172042804997130e+25
3.644792415879537538e+25
3.654330667633267510e+25
3.663786944671168520e+25
3.673161406631512907e+25
3.682454225913398014e+25
3.691665587403813476e+25
3.700795688204397549e+25
3.709844737358079616e+25
3.718812955575813759e+25
3.727700574963527925e+25
3.736507838749523215e+25
3.745235001012431941e+25
3.753882326409933319e+25
3.762450089908366383e+25
3.770938576513392150e+25
3.779348081001859247e+25
3.787678907655003977e+25
3.795931369993116257e+25
3.804105790511823474e+25
3.812202500420085022e+25
3.820221839380059022e+25
3.828164155248906496e+25
3.836029803822685039e+25
3.843819148582425638e+25
3.851532560442471200e+25
3.859170417501210402e+25
3.866733104794265674e+25
3.874221014050230249e+25
3.881634543449055636e+25
3.888974097383123020e+25
3.896240086221128293e+25
3.903432926074792317e+25
3.910553038568494336e+25
3.917600850611888683e+25
3.924576794175533106e+25
3.931481306069613772e+25
3.938314827725789277e+25
3.945077804982200043e+25
3.951770687871707535e+25
3.958393930413353837e+25
3.964947990407124069e+25
3.971433329231997022e+25
3.977850411647338995e+25
3.984199705597647716e+25
3.990481682020665224e+25
3.996696814658890655e+25
4.002845579874481754e+25
4.008928456467567449e+25
4.014945925497988672e+25
4.020898470110443364e+25
4.026786575363069183e+25
4.032610728059435543e+25
4.038371416583954460e+25
4.044069130740710183e+25
4.049704361595676699e+25
4.055277601322341148e+25
4.060789343050698783e+25
4.066240080719606600e+25
4.071630308932494770e+25
4.076960522816398939e+25
4.082231217884309105e+25
4.087442889900789538e+25
4.092596034750875766e+25
4.097691148312204805e+25
4.102728726330350298e+25
4.107709264297350533e+25
4.112633257333380376e+25
4.117501200071549939e+25
4.122313586545801641e+25
4.127070910081851535e+25
4.131773663191170623e+25
4.136422337467949445e+25
4.141017423489015035e+25
4.145559410716678760e+25
4.150048787404447186e+25
4.154486040505600263e+25
4.158871655584552648e+25
4.163206116731000745e+25
4.167489906476787600e+25
4.171723505715452151e+25
4.175907393624437923e+25
4.180042047589899314e+25
4.184127943134077135e+25
4.188165553845197874e+25
4.192155351309853730e+25
4.196097805047831635e+25
4.199993382449334582e+25
4.203842548714565173e+25
4.207645766795621588e+25
4.211403497340669020e+25
4.215116198640350512e+25
4.218784326576371040e+25
4.222408334572248848e+25
4.225988673546160134e+25
4.229525791865851352e+25
4.233020135305583015e+25
4.236472147005042328e+25
4.239882267430209155e+25
4.243250934336113508e+25
4.246578582731457895e+25
4.249865644845057306e+25
4.253112550094060751e+25
4.256319725053907105e+25
4.259487593429988629e+25
4.262616576030968060e+25
4.265707090743729499e+25
4.268759552509899548e+25
4.271774373303930083e+25
4.274751962112676555e+25
4.277692724916463188e+25
4.280597064671567247e+25
4.283465381294118922e+25
4.286298071645356709e+25
4.289095529518209069e+25
4.291858145625178328e+25
4.294586307587477842e+25
4.297280399925397533e+25
4.299940804049863411e+25
4.302567898255153318e+25
4.305162057712740513e+25
4.307723654466240222e+25
4.310253057427406722e+25
4.312750632373180984e+25
4.315216741943725295e+25
4.317651745641441429e+25
4.320055999830931990e+25
4.322429857739871435e+25
4.324773669460771303e+25
4.327087781953598426e+25
4.329372539049231524e+25
4.331628281453718371e+25
4.333855346753310357e+25
4.336054069420258976e+25
4.338224780819329578e+25
4.340367809215027213e+25
4.342483479779496802e+25
4.344572114601077847e+25
4.346634032693497385e+25
4.348669550005662507e+25
4.350678979432048170e+25
4.352662630823646786e+25
4.354620810999461554e+25
4.356553823758522060e+25
4.358461969892403248e+25
4.360345547198226288e+25
4.362204850492124154e+25
4.364040171623147012e+25
4.365851799487595385e+25
4.367640020043762199e+25
4.369405116327057938e+25
4.371147368465517197e+25
4.372867053695648826e+25
4.374564446378632253e+25
4.376239818016834211e+25
4.377893437270632984e+25
4.379525569975527838e+25
4.381136479159537073e+25
4.382726425060845186e+25
4.384295665145701721e+25
4.385844454126562346e+25
4.387373043980437815e+25
4.388881683967454241e+25
4.390370620649615229e+25
4.391840097909738389e+25
4.393290356970562782e+25
4.394721636414018727e+25
4.396134172200642766e+25
4.397528197689128356e+25
4.398903943656002835e+25
4.400261638315418626e+25
4.401601507339052686e+25
4.402923773876094419e+25
4.404228658573327229e+25
4.405516379595280505e+25
