1.573609561368359338e+21
1.595521841775947547e+21
1.617739235106604974e+21
1.640265989494741139e+21
1.663106412212495581e+21
1.686264870492709061e+21
1.709745792363346788e+21
1.733553667493525717e+21
1.757693048051302138e+21
1.782168549573398888e+21
1.806984851847007699e+21
1.832146699803874296e+21
1.857658904426801529e+21
1.883526343668765557e+21
1.909753963384812601e+21
1.936346778276902732e+21
1.963309872851902530e+21
1.990648402392895193e+21
2.018367593943989486e+21
2.046472747308834619e+21
2.074969236062994956e+21
2.103862508580421239e+21
2.133158089074182980e+21
2.162861578651663598e+21
2.192978656384445317e+21
2.223515080393036923e+21
2.254476688946703106e+21
2.285869401578577068e+21
2.317699220216266097e+21
2.349972230328191287e+21
2.382694602085831279e+21
2.415872591542148399e+21
2.449512541826381251e+21
2.483620884355442803e+21
2.518204140062158881e+21
2.553268920640579043e+21
2.588821929808578478e+21
2.624869964588026692e+21
2.661419916602735329e+21
2.698478773394442551e+21
2.736053619757097157e+21
2.774151639089655316e+21
2.812780114767703441e+21
2.851946431534125285e+21
2.891658076909091160e+21
2.931922642619651326e+21
2.972747826049162150e+21
3.014141431706875331e+21
3.056111372717941326e+21
3.098665672334088077e+21
3.141812465465329451e+21
3.185560000232893710e+21
3.229916639543773626e+21
3.274890862687118950e+21
3.320491266952813609e+21
3.366726569272524931e+21
3.413605607883563074e+21
3.461137344015816983e+21
3.509330863602144903e+21
3.558195379012513038e+21
3.607740230812197978e+21
3.657974889544437203e+21
3.708908957537783513e+21
3.760552170738603786e+21
3.812914400568990499e+21
3.866005655810473460e+21
3.919836084513902428e+21
3.974415975935805751e+21
4.029755762501664899e+21
4.085866021796426285e+21
4.142757478582639919e+21
4.200441006846633312e+21
4.258927631873041498e+21
4.318228532348170273e+21
4.378355042492530819e+21
4.439318654222975107e+21
4.501131019344837345e+21
4.563803951774472077e+21
4.627349429792667599e+21
4.691779598329290686e+21
4.757106771279652848e+21
4.823343433853010182e+21
4.890502244953616286e+21
4.958596039594839376e+21
5.027637831346746819e+21
5.097640814817643069e+21
5.168618368170040754e+21
5.240584055671485366e+21
5.313551630280797716e+21
5.387535036270157758e+21
5.462548411883549884e+21
5.538606092032098173e+21
5.615722611026701582e+21
5.693912705348630741e+21
5.773191316458498425e+21
5.853573593644157370e+21
5.935074896908121014e+21
6.017710799894931833e+21
6.101497092859171439e+21
6.186449785674564370e+21
6.272585110884788994e+21
6.359919526796593201e+21
6.448469720615690961e+21
6.538252611626195747e+21
6.629285354414042776e+21
6.721585342135081632e+21
6.815170209828464230e+21
6.910057837775866036e+21
7.006266354907285029e+21
7.103814142253987791e+21
7.202719836449261224e+21
7.303002333277680828e+21
7.404680791273437659e+21
7.507774635368563868e+21
7.612303560591624110e+21
7.718287535817592144e+21
7.825746807569691705e+21
7.934701903873747976e+21
8.045173638165970289e+21
8.157183113254781583e+21
8.270751725337433866e+21
8.385901168072254816e+21
8.502653436707144204e+21
8.621030832265254404e+21
8.741055965788517695e+21
8.862751762639873901e+21
8.986141466865027777e+21
9.111248645614385234e+21
9.238097193626342785e+21
9.366711337772334973e+21
9.497115641664826769e+21
9.629335010329030033e+21
9.763394694939005682e+21
9.899320297619451806e+21
1.003713777631364959e+22
1.017687344971872469e+22
1.031855400228911212e+22
1.046220648930907626e+22
1.060785834203537631e+22
1.075553737291079038e+22
1.090527178084979625e+22
1.105709015659711981e+22
1.121102148816027307e+22
1.136709516631713251e+22
1.152534099019942383e+22
1.168578917295333153e+22
1.184847034747818135e+22
1.201341557224429847e+22
1.218065633719113010e+22
1.235022456970665997e+22
1.252215264068932888e+22
1.269647337069352478e+22
1.287322003615977885e+22
1.305242637573090286e+22
1.323412659665504305e+22
1.341835538127712263e+22
1.360514789361961455e+22
1.379453978605402246e+22
1.398656720606428398e+22
1.418126680310318681e+22
1.437867573554337284e+22
1.457883167772390090e+22
1.478177282709388263e+22
1.498753791145443276e+22
1.519616619630021732e+22
1.540769749226205741e+22
1.562217216265193678e+22
1.583963113111170528e+22
1.606011588936706556e+22
1.628366850508806160e+22
1.651033162985769638e+22
1.674014850725001665e+22
1.697316298101929227e+22
1.720941950340155677e+22
1.744896314353035667e+22
1.769183959596789662e+22
1.793809518935348452e+22
1.818777689517062305e+22
1.844093233663439169e+22
1.869760979770094387e+22
1.895785823220037950e+22
1.922172727309510692e+22
1.948926724186509096e+22
1.976052915802170039e+22
2.003556474875210524e+22
2.031442645869579259e+22
2.059716745985500643e+22
2.088384166164099498e+22
2.117450372105780173e+22
2.146920905302553815e+22
2.176801384084497498e+22
2.207097504680528105e+22
2.237815042293697295e+22
2.268959852191190876e+22
2.300537870809235141e+22
2.332555116873115291e+22
2.365017692532489218e+22
2.397931784512228190e+22
2.431303665278973588e+22
2.465139694223622773e+22
2.499446318859970570e+22
2.534230076039691344e+22
2.569497593183933039e+22
2.605255589531671645e+22
2.641510877405126853e+22
2.678270363492413761e+22
2.715541050147670170e+22
2.753330036708912346e+22
2.791644520833842833e+22
2.830491799853826310e+22
2.869879272146328774e+22
2.909814438526003341e+22
2.950304903654717522e+22
2.991358377470758538e+22
3.032982676637451131e+22
3.075185726011479792e+22
3.117975560131144424e+22
3.161360324724840097e+22
3.205348278240010463e+22
3.249947793392840317e+22
3.295167358738991835e+22
3.341015580265618499e+22
3.387501183004969638e+22
3.434633012669875801e+22
3.482420037311346088e+22
3.530871348998657016e+22
3.579996165522139696e+22
3.629803832119024786e+22
3.680303823222627893e+22
3.731505744235165280e+22
3.783419333324527842e+22
3.836054463245335921e+22
3.889421143184552178e+22
3.943529520632027939e+22
3.998389883276246385e+22
4.054012660925651852e+22
4.110408427455857138e+22
4.167587902783072764e+22
4.225561954864114696e+22
4.284341601723307629e+22
4.343938013506659628e+22
4.404362514563662977e+22
4.465626585557025738e+22
4.527741865600776090e+22
4.590720154427033911e+22
4.654573414581861456e+22
4.719313773650558058e+22
4.784953526512757034e+22
4.851505137627733321e+22
4.918981243350310244e+22
4.987394654277716882e+22
5.056758357627855752e+22
5.127085519649312132e+22
5.198389488063573970e+22
5.270683794539833983e+22
5.343982157202784151e+22
5.418298483173861464e+22
5.493646871146312342e+22
5.570041613994558069e+22
5.647497201418273974e+22
5.726028322621579120e+22
5.805649869027885135e+22
5.886376937030716228e+22
5.968224830781064112e+22
6.051209065011698939e+22
6.135345367898850643e+22
6.220649683961835317e+22
6.307138177000974739e+22
6.394827233074384522e+22
6.483733463514096442e+22
6.573873707981923471e+22
6.665265037565679895e+22
6.757924757916188515e+22
6.851870412425551413e+22
6.947119785447291617e+22
7.043690905558747342e+22
7.141602048866379838e+22
7.240871742354414266e+22
7.341518767277362224e+22
7.443562162597040803e+22
7.547021228464484961e+22
7.651915529747456170e+22
7.758264899604001168e+22
7.866089443102614461e+22
7.975409540889644630e+22
8.086245852904420907e+22
8.198619322142745113e+22
8.312551178469302600e+22
8.428062942479540814e+22
8.545176429411674830e+22
8.663913753109371814e+22
8.784297330035706665e+22
8.906349883339048170e+22
9.030094446971404157e+22
9.155554369859940359e+22
9.282753320132233344e+22
9.411715289395864850e+22
9.542464597073109136e+22
9.675025894791176415e+22
9.809424170828827722e+22
9.945684754619921596e+22
1.008383332131451164e+23
1.022389589639832042e+23
1.036589886037101075e+23
1.050986895348418394e+23
1.065583328053959307e+23
1.080381931574832136e+23
1.095385490765166716e+23
1.110596828410431259e+23
1.126018805732057295e+23
1.141654322898441286e+23
1.157506319542386856e+23
1.173577775285068649e+23
1.189871710266586122e+23
1.206391185683173018e+23
1.223139304331147760e+23
1.240119211157667510e+23
1.257334093818365246e+23
1.274787183241943014e+23
1.292481754201791807e+23
1.310421125894726159e+23
1.328608662526885804e+23
1.347047773906907903e+23
1.365741916046427391e+23
1.384694591767982291e+23
1.403909351320420111e+23
1.423389793001852990e+23
1.443139563790267612e+23
1.463162359981855495e+23
1.483461927837132936e+23
1.504042064234956991e+23
1.524906617334481604e+23
1.546059487245163110e+23
1.567504626704881717e+23
1.589246041766252281e+23
1.611287792491225542e+23
1.633633993654034686e+23
1.656288815452594268e+23
1.679256484228402491e+23
1.702541283195059270e+23
1.726147553175456092e+23
1.750079693347732649e+23
1.774342162000084122e+23
1.798939477294477497e+23
1.823876218039388330e+23
1.849157024471624041e+23
1.874786599047310260e+23
1.900769707242141547e+23
1.927111178360940785e+23
1.953815906356656760e+23
1.980888850658837859e+23
2.008335037011684869e+23
2.036159558321771832e+23
2.064367575515471502e+23
2.092964318406225345e+23
2.121955086571690609e+23
2.151345250240865491e+23
2.181140251191272905e+23
2.211345603656252863e+23
2.241966895242484929e+23
2.273009787857784034e+23
2.304480018649253203e+23
2.336383400951890502e+23
2.368725825247674358e+23
2.401513260135267854e+23
2.434751753310361124e+23
2.468447432556750150e+23
2.502606506748215401e+23
2.537235266861284175e+23
2.572340086998910223e+23
2.607927425425186729e+23
2.644003825611123542e+23
2.680575917291566143e+23
2.717650417533334218e+23
2.755234131814603314e+23
2.793333955115637612e+23
2.831956873020905389e+23
2.871109962832636522e+23
2.910800394695897231e+23
2.951035432735198476e+23
2.991822436202735332e+23
3.033168860638273444e+23
3.075082259040747316e+23
3.117570283051621108e+23
3.160640684150014293e+23
3.204301314859703898e+23
3.248560129967977168e+23
3.293425187756398734e+23
3.338904651243541957e+23
3.385006789439653560e+23
3.431739978613362965e+23
3.479112703570385327e+23
3.527133558944286040e+23
3.575811250499310752e+23
3.625154596445265435e+23
3.675172528764515663e+23
3.725874094551050706e+23
3.777268457361660780e+23
3.829364898579201948e+23
3.882172818787927861e+23
3.935701739160922573e+23
3.989961302859581405e+23
4.044961276445121084e+23
4.100711551302138593e+23
4.157222145074101989e+23
4.214503203110834909e+23
4.272564999927892772e+23
4.331417940677801143e+23
4.391072562633098542e+23
4.451539536681156865e+23
4.512829668830643843e+23
4.574953901729637623e+23
4.637923316195278025e+23
4.701749132754843085e+23
4.766442713198245519e+23
4.832015562141712200e+23
4.898479328602694311e+23
4.965845807585784685e+23
5.034126941679567860e+23
5.103334822664262574e+23
5.173481693130005047e+23
5.244579948105643516e+23
5.316642136697901102e+23
5.389680963740674787e+23
5.463709291454412809e+23
5.538740141115222167e+23
5.614786694733689468e+23
5.691862296743062777e+23
5.769980455696667666e+23
5.849154845974306436e+23
5.929399309497342582e+23
6.010727857452343645e+23
6.093154672022890543e+23
6.176694108129362790e+23
6.261360695176409697e+23
6.347169138807702207e+23
6.434134322667823101e+23
6.522271310170817770e+23
6.611595346275143128e+23
6.702121859264660363e+23
6.793866462535212482e+23
6.886844956386534328e+23
6.981073329818998460e+23
7.076567762334790221e+23
7.173344625743142888e+23
7.271420485969062490e+23
7.370812104865202706e+23
7.471536442026324803e+23
7.573610656605852716e+23
7.677052109134053497e+23
7.781878363337168026e+23
7.888107187957110816e+23
7.995756558571034242e+23
8.104844659410182771e+23
8.215389885177418429e+23
8.327410842862844411e+23
8.440926353556693320e+23
8.555955454258999565e+23
8.672517399685184818e+23
8.790631664066908274e+23
8.910317942947446197e+23
9.031596154970671961e+23
9.154486443663063484e+23
9.279009179207699205e+23
9.405184960209508431e+23
9.533034615450874119e+23
9.662579205636612319e+23
9.793840025127486740e+23
9.926838603661249127e+23
1.006159670806020283e+24
1.019813634392432721e+24
1.033647975730877783e+24
1.047664943638488178e+24
1.061866811308335060e+24
1.076255876471861811e+24
1.090834461559323080e+24
1.105604913858086139e+24
1.120569605668694693e+24
1.135730934458555426e+24
1.151091323013115347e+24
1.166653219584408203e+24
1.182419098036811571e+24
1.198391457989897472e+24
1.214572824958216916e+24
1.230965750487871270e+24
1.247572812289730333e+24
1.264396614369118737e+24
1.281439787151838211e+24
1.298704987606343290e+24
1.316194899361909826e+24
1.333912232822631742e+24
1.351859725277049263e+24
1.370040141003261269e+24
1.388456271369309948e+24
1.407110934928671073e+24
1.426006977510640789e+24
1.445147272305444410e+24
1.464534719943838003e+24
1.484172248571033636e+24
1.504062813914708302e+24
1.524209399346904869e+24
1.544615015939600904e+24
1.565282702513714250e+24
1.586215525681335168e+24
1.607416579880950442e+24
1.628888987405410323e+24
1.650635898422425190e+24
1.672660490987314621e+24
1.694965971047796013e+24
1.717555572440528480e+24
1.740432556879177132e+24
1.763600213933725565e+24
1.787061861000763811e+24
1.810820843264496212e+24
1.834880533648182786e+24
1.859244332755733845e+24
1.883915668803186747e+24
1.908897997539745068e+24
1.934194802158128408e+24
1.959809593193899969e+24
1.985745908413490314e+24
2.012007312690606194e+24
2.038597397870699631e+24
2.065519782623211923e+24
2.092778112281246266e+24
2.120376058668360852e+24
2.148317319912160043e+24
2.176605620244324985e+24
2.205244709786794301e+24
2.234238364323718506e+24
2.263590385058865759e+24
2.293304598358138305e+24
2.323384855476823531e+24
2.353835032271271735e+24
2.384659028894615412e+24
2.415860769476179474e+24
2.447444201784230751e+24
2.479413296871706542e+24
2.511772048704538078e+24
2.544524473772231203e+24
2.577674610680323912e+24
2.611226519724340084e+24
2.645184282444903890e+24
2.679552001163583212e+24
2.714333798499166265e+24
2.749533816863930121e+24
2.785156217939574162e+24
2.821205182132426570e+24
2.857684908007535673e+24
2.894599611701311696e+24
2.931953526312325375e+24
2.969750901269877437e+24
3.007996001680027017e+24
3.046693107648626424e+24
3.085846513581095446e+24
3.125460527458497633e+24
3.165539470089611471e+24
3.206087674338626004e+24
3.247109484328080804e+24
3.288609254616779704e+24
3.330591349352268659e+24
3.373060141397578162e+24
3.416020011431920981e+24
3.459475347024955983e+24
3.503430541684398461e+24
3.547889993876608679e+24
3.592858106019871935e+24
3.638339283450124273e+24
3.684337933358765185e+24
3.730858463702387150e+24
3.777905282084095027e+24
3.825482794606201640e+24
3.873595404694072465e+24
3.922247511890863845e+24
3.971443510623008740e+24
4.021187788936205694e+24
4.071484727201764492e+24
4.122338696793147417e+24
4.173754058732562782e+24
4.225735162307451269e+24
4.278286343656832345e+24
4.331411924327345380e+24
4.385116209798973137e+24
4.439403487980371912e+24
4.494278027673776144e+24
4.549744077009505913e+24
4.605805861850075208e+24
4.662467584163934238e+24
4.719733420368951543e+24
4.777607519645680483e+24
4.836094002220567932e+24
4.895196957619250667e+24
4.954920442890089251e+24
5.015268480798186902e+24
5.076245057990066744e+24
5.137854123129351067e+24
5.200099585003673954e+24
5.262985310603195594e+24
5.326515123171077971e+24
5.390692800226277343e+24
5.455522071559166753e+24
5.521006617200379428e+24
5.587150065363416361e+24
5.653955990361578586e+24
5.721427910499724494e+24
5.789569285941579131e+24
5.858383516553176353e+24
5.927873939723156487e+24
5.998043828160679683e+24
6.068896387671672243e+24
6.140434754914319656e+24
6.212661995134589122e+24
6.285581099882737165e+24
6.359194984711758002e+24
6.433506486858707859e+24
6.508518362910025178e+24
6.584233286451888227e+24
6.660653845706725732e+24
6.737782541157128231e+24
6.815621783158245686e+24
6.894173889540099441e+24
6.973441083200996085e+24
7.053425489693460549e+24
7.134129134804060693e+24
7.215553942128622312e+24
7.297701730644229366e+24
7.380574212279672649e+24
7.464172989485826517e+24
7.548499552807643746e+24
7.633555278459421009e+24
7.719341425905004637e+24
7.805859135444792092e+24
7.893109425811232110e+24
7.981093191774711142e+24
8.069811201761723409e+24
8.159264095487156361e+24
8.249452381602771387e+24
8.340376435363769559e+24
8.432036496315538351e+24
8.524432666002629113e+24
8.617564905701988217e+24
8.711433034182703196e+24
8.806036725494324362e+24
8.901375506785949136e+24
8.997448756158370102e+24
9.094255700551351610e+24
9.191795413668494846e+24
9.290066813941810958e+24
9.389068662538368748e+24
9.488799561411335157e+24
9.589257951397651562e+24
9.690442110364777944e+24
9.792350151408797339e+24
9.894980021106210601e+24
9.998329497821824516e+24
1.010239619007496772e+25
1.020717753496653623e+25
1.031267079666908695e+25
1.041887306498229632e+25
1.052578125395625574e+25
1.063339210058464621e+25
1.074170216357030029e+25
1.085070782216530108e+25
1.096040527508785160e+25
1.107079053951811359e+25
1.118185945017524266e+25
1.129360765847761264e+25
1.140603063178848191e+25
1.151912365274906230e+25
1.163288181870088673e+25
1.174730004119973925e+25
1.186237304562255166e+25
1.197809537086965707e+25
1.209446136916370382e+25
1.221146520594710026e+25
1.232910085987986296e+25
1.244736212293891207e+25
1.256624260062087538e+25
1.268573571224936744e+25
1.280583469138822772e+25
1.292653258636212861e+25
1.304782226088527274e+25
1.316969639479975583e+25
1.329214748492410622e+25
1.341516784601305327e+25
1.353874961182943954e+25
1.366288473632847858e+25
1.378756499495547926e+25
1.391278198605695946e+25
1.403852713240571592e+25
1.416479168284017675e+25
1.429156671401774240e+25
1.441884313228253590e+25
1.454661167564708363e+25
1.467486291588770311e+25
1.480358726075350138e+25
1.493277495628793578e+25
1.506241608926286855e+25
1.519250058972388260e+25
1.532301823364613031e+25
1.545395864569992316e+25
1.558531130212434187e+25
1.571706553370827650e+25
1.584921052887691674e+25
1.598173533688239286e+25
1.611462887109703855e+25
1.624787991240712586e+25
1.638147711270561856e+25
1.651540899848143978e+25
1.664966397450338998e+25
1.678423032759648842e+25
1.691909623050799343e+25
1.705424974586104651e+25
1.718967883019295953e+25
1.732537133807548207e+25
1.746131502631450845e+25
1.759749755822571560e+25
1.773390650798372202e+25
1.787052936504110456e+25
1.800735353861422323e+25
1.814436636223279639e+25
1.828155509834920806e+25
1.841890694300476872e+25
1.855640903054871181e+25
1.869404843840668337e+25
1.883181219189502883e+25
1.896968726907667658e+25
1.910766060565545511e+25
1.924571909990423079e+25
1.938384961762363661e+25
1.952203899712683698e+25
1.966027405424661349e+25
1.979854158736085679e+25
1.993682838243191822e+25
2.007512121805637903e+25
2.021340687052057469e+25
2.035167211885800489e+25
2.048990374990470751e+25
2.062808856334801423e+25
2.076621337676513553e+25
2.090426503064704409e+25
2.104223039340378243e+25
2.118009636634734651e+25
2.131784988864761416e+25
2.145547794225801112e+25
2.159296755680646519e+25
2.173030581444790324e+25
2.186747985467478206e+25
2.200447687908130662e+25
2.214128415607821753e+25
2.227788902555408899e+25
2.241427890347970551e+25
2.255044128645224041e+25
2.268636375617537057e+25
2.282203398387254855e+25
2.295743973462977294e+25
2.309256887166484165e+25
2.322740936052033521e+25
2.336194927317682105e+25
2.349617679208407976e+25
2.363008021410716209e+25
2.376364795438476855e+25
2.389686855009777828e+25
2.402973066414491209e+25
2.416222308872397932e+25
2.429433474881597245e+25
2.442605470557021858e+25
2.455737215958892137e+25
2.468827645410873962e+25
2.481875707807841908e+25
2.494880366913039880e+25
2.507840601644525358e+25
2.520755406350782607e+25
2.533623791075348926e+25
2.546444781810404121e+25
2.559217420739191769e+25
2.571940766467209582e+25
2.584613894242134924e+25
2.597235896162369093e+25
2.609805881374240747e+25
2.622322976257777842e+25
2.634786324601059680e+25
2.647195087763170977e+25
2.659548444825708982e+25
2.671845592732933842e+25
2.684085746420540311e+25
2.696268138933120812e+25
2.708392021530381265e+25
2.720456663782150062e+25
2.732461353652288838e+25
2.744405397571562611e+25
2.756288120499580502e+25
2.768108865975921748e+25
2.779866996160533297e+25
2.791561891863562227e+25
2.803192952564725187e+25
2.814759596422357891e+25
2.826261260272329783e+25
2.837697399616921791e+25
2.849067488603890075e+25
2.860371019995847207e+25
2.871607505130145461e+25
2.882776473869474805e+25
2.893877474543312195e+25
2.904910073880475123e+25
2.915873856932935341e+25
2.926768426991112226e+25
2.937593405490875572e+25
2.948348431912426600e+25
2.959033163671323896e+25
2.969647276001835539e+25
2.980190461832851910e+25
2.990662431656612165e+25
3.001062913390414021e+25
3.011391652231605347e+25
3.021648410506025082e+25
3.031832967510182509e+25
3.041945119347363455e+25
3.051984678757918951e+25
3.061951474943981602e+25
3.071845353388814971e+25
3.081666175671056671e+25
3.091413819274079371e+25
3.101088177390690470e+25
3.110689158723440171e+25
3.120216687280708032e+25
3.129670702168871644e+25
3.139051157380716784e+25
3.148358021580349751e+25
3.157591277884846381e+25
3.166750923642813411e+25
3.175836970210136210e+25
3.184849442723081673e+25
3.193788379868989054e+25
3.202653833654773810e+25
3.211445869173408507e+25
3.220164564368629052e+25
3.228810009798036322e+25
3.237382308394790334e+25
3.245881575228112560e+25
3.254307937262745423e+25
3.262661533117594466e+25
3.270942512823697064e+25
3.279151037581707954e+25
3.287287279519090992e+25
3.295351421447135242e+25
3.303343656618021749e+25
3.311264188482037194e+25
3.319113230445128581e+25
3.326891005626939804e+25
3.334597746619454677e+25
3.342233695246419493e+25
3.349799102323649057e+25
3.357294227420364378e+25
3.364719338621686986e+25
3.372074712292405425e+25
3.379360632842135462e+25
3.386577392491987823e+25
3.393725291042840539e+25
3.400804635645341300e+25
3.407815740571714121e+25
3.414758926989484574e+25
3.421634522737201754e+25
3.428442862102248019e+25
3.435184285600824140e+25
3.441859139760166971e+25
3.448467776903110448e+25
3.455010554935013990e+25
3.461487837133156620e+25
3.467899991938654824e+25
3.474247392750938916e+25
3.480530417724875962e+25
3.486749449570558594e+25
3.492904875355823268e+25
3.498997086311542221e+25
3.505026477639711873e+25
3.510993448324398249e+25
3.516898400945552720e+25
3.522741741495727282e+25
3.528523879199737899e+25
3.534245226337269469e+25
3.539906198068463643e+25
3.545507212262502384e+25
3.551048689329189849e+25
3.556531052053567798e+25
3.561954725433546071e+25
3.567320136520579923e+25
3.572627714263383030e+25
3.577877889354676619e+25
3.583071094080994456e+25
3.588207762175505490e+25
3.593288328673891065e+25
3.598313229773232915e+25
3.603282902693924380e+25
3.608197785544592826e+25
3.613058317190005350e+25
3.617864937121965068e+25
3.622618085333166206e+25
3.627318202193989531e+25
3.631965728332236393e+25
3.636561104515758865e+25
3.641104771537980395e+25
3.645597170106269179e+25
3.650038740733161670e+25
3.654429923630380826e+25
3.658771158605649946e+25
3.663062884962257441e+25
3.667305541401351911e+25
3.671499565926930165e+25
3.675645395753498860e+25
3.679743467216368529e+25
3.683794215684548632e+25
3.687798075476220889e+25
3.691755479776744483e+25
3.695666860559169101e+25
3.699532648507212429e+25
3.703353272940680620e+25
3.707129161743276338e+25
3.710860741292784061e+25
3.714548436393572956e+25
3.718192670211389823e+25
3.721793864210419361e+25
3.725352438092546451e+25
3.728868809738808028e+25
3.732343395152993282e+25
3.735776608407334662e+25
3.739168861590284935e+25
3.742520564756316750e+25
3.745832125877720219e+25
3.749103950798357719e+25
3.752336443189335101e+25
3.755530004506563982e+25
3.758685033950158406e+25
3.761801928425656450e+25
3.764881082506996743e+25
3.767922888401244329e+25
3.770927735915008750e+25
3.773896012422528141e+25
3.776828102835381552e+25
3.779724389573792123e+25
3.782585252539482892e+25
3.785411069090061608e+25
3.788202214014888170e+25
3.790959059512391617e+25
3.793681975168814333e+25
3.796371327938326780e+25
3.799027482124509316e+25
3.801650799363135816e+25
3.804241638606258247e+25
3.806800356107536343e+25
3.809327305408784480e+25
3.811822837327718997e+25
3.814287299946858707e+25
3.816721038603550697e+25
3.819124395881102938e+25
3.821497711600978182e+25
3.823841322816028530e+25
3.826155563804743611e+25
3.828440766066477156e+25
3.830697258317628772e+25
3.832925366488752569e+25
3.835125413722565586e+25
3.837297720372825082e+25
3.839442604004060536e+25
3.841560379392118246e+25
3.843651358525507369e+25
3.845715850607509184e+25
3.847754162059044410e+25
3.849766596522254780e+25
3.851753454864782115e+25
3.853715035184732450e+25
3.855651632816283111e+25
3.857563540335929749e+25
3.859451047569338095e+25
3.861314441598786286e+25
3.863154006771173686e+25
3.864970024706578181e+25
3.866762774307339604e+25
3.868532531767650399e+25
3.870279570583640631e+25
3.872004161563921274e+25
3.873706572840591780e+25
3.875387069880674146e+25
3.877045915497965729e+25
3.878683369865286780e+25
3.880299690527123963e+25
3.881895132412620062e+25
3.883469947848931321e+25
3.885024386574912934e+25
3.886558695755120635e+25
3.888073119994124965e+25
3.889567901351111588e+25
3.891043279354756474e+25
3.892499491018369100e+25
3.893936770855280457e+25
3.895355350894467281e+25
3.896755460696407358e+25
3.898137327369132388e+25
3.899501175584496468e+25
3.900847227594618080e+25
