1.303529866226970132e+20
7.715643916495780250e+19
4.793419934044614656e+19
3.114132465205610906e+19
2.100979297447720141e+19
1.463427959858373427e+19
1.047765516261798298e+19
7.684465644174553088e+18
5.757447472581008384e+18
4.396743699521287680e+18
3.415770648167301632e+18
2.695207518840437760e+18
2.156876159398160384e+18
1.748428998949388800e+18
1.434117661504180480e+18
1.189087270224184576e+18
9.957700999420276480e+17
8.415593636193209600e+17
7.172805752570024960e+17
6.161696928287175680e+17
5.331791349193041280e+17
4.644994918422671360e+17
4.072253477927088640e+17
3.591187866617740160e+17
3.184400103342969600e+17
2.838246522651688960e+17
2.541939684721268160e+17
2.286884370755184960e+17
2.066182011166066240e+17
1.874257519174515840e+17
1.706575921715344640e+17
1.559425456366456640e+17
1.429750283053292800e+17
1.315020530499577120e+17
1.213130652377559520e+17
1.122319406568868480e+17
1.041106465248622880e+17
9.682419010497216000e+16
9.026657054837998400e+16
8.434751712548145600e+16
7.898984745056336000e+16
7.412731722552248000e+16
6.970286172323543200e+16
6.566715107912276800e+16
6.197739819346138400e+16
5.859637093750104000e+16
5.549157034086338400e+16
5.263454421213391200e+16
5.000031172899760800e+16
4.756687931943409600e+16
