1.180728753679162102e+25
1.195803872294743720e+25
1.211054219638055017e+25
1.226481401207256088e+25
1.242087026519372997e+25
1.257872708827357569e+25
1.273840064829277302e+25
1.289990714369557234e+25
1.306326280132212752e+25
1.322848387326021412e+25
1.339558663361550412e+25
1.356458737520023207e+25
1.373550240613945364e+25
1.390834804639457026e+25
1.408314062420375468e+25
1.425989647243872142e+25
1.443863192487777737e+25
1.461936331239467408e+25
1.480210695906314967e+25
1.498687917817700170e+25
1.517369626818537735e+25
1.536257450854360312e+25
1.555353015547915018e+25
1.574657943767304051e+25
1.594173855185680963e+25
1.613902365832496150e+25
1.633845087636354072e+25
1.654003627959480667e+25
1.674379589123860898e+25
1.694974567929080358e+25
1.715790155161921397e+25
1.736827935097788063e+25
1.758089484994011209e+25
1.779576374575120064e+25
1.801290165510154383e+25
1.823232410882123450e+25
1.845404654649683046e+25
1.867808431101172513e+25
1.890445264301103427e+25
1.913316667529232355e+25
1.936424142712359663e+25
1.959769179848969681e+25
1.983353256426902288e+25
2.007177836834184118e+25
2.031244371763203851e+25
2.055554297608413057e+25
2.080109035857718594e+25
2.104909992477800632e+25
2.129958557293531112e+25
2.155256103361718120e+25
2.180803986339425720e+25
2.206603543847053498e+25
2.232656094826476890e+25
2.258962938894469494e+25
2.285525355691679225e+25
2.312344604227435354e+25
2.339421922220675463e+25
2.366758525437258193e+25
2.394355607024006663e+25
2.422214336839758719e+25
2.450335860783762900e+25
2.478721300121743526e+25
2.507371750809972482e+25
2.536288282817703775e+25
2.565471939448321736e+25
2.594923736659561513e+25
2.624644662383196994e+25
2.654635675844540599e+25
2.684897706882187895e+25
2.715431655268369942e+25
2.746238390030329139e+25
2.777318748773149333e+25
2.808673537004406575e+25
2.840303527461130134e+25
2.872209459439455169e+25
2.904392038127427479e+25
2.936851933941401415e+25
2.969589781866455316e+25
3.002606180801313643e+25
3.035901692908199316e+25
3.069476842968093834e+25
3.103332117741869483e+25
3.137467965337735144e+25
3.171884794585498209e+25
3.206582974418095733e+25
3.241562833260863834e+25
3.276824658429031511e+25
3.312368695533889885e+25
3.348195147898136334e+25
3.384304175980854394e+25
3.420695896812591130e+25
3.457370383441031043e+25
3.494327664387684858e+25
3.531567723116113730e+25
3.569090497512114077e+25
3.606895879376326036e+25
3.644983713929738843e+25
3.683353799332492580e+25
3.722005886216480502e+25
3.760939677232137648e+25
3.800154826609862834e+25
3.839650939736509961e+25
3.879427572747313732e+25
3.919484232133707158e+25
3.959820374367404557e+25
4.000435405541105626e+25
4.041328681026266440e+25
4.082499505148198915e+25
4.123947130878955739e+25
4.165670759548264471e+25
4.207669540572874160e+25
4.249942571204627168e+25
4.292488896297519903e+25
4.335307508094110656e+25
4.378397346031469544e+25
4.421757296566983227e+25
4.465386193024243751e+25
4.509282815459207055e+25
4.553445890546905483e+25
4.597874091488863749e+25
4.642566037941378136e+25
4.687520295964896011e+25
4.732735377994530877e+25
4.778209742831950039e+25
4.823941795658677832e+25
4.869929888070914924e+25
4.916172318135993082e+25
4.962667330470427616e+25
5.009413116339749595e+25
5.056407813779980409e+25
5.103649507740874943e+25
5.151136230250877522e+25
5.198865960603707320e+25
5.246836625566648814e+25
5.295046099610329091e+25
5.343492205160027560e+25
5.392172712868329918e+25
5.441085341909052524e+25
5.490227760292316041e+25
5.539597585200531283e+25
5.589192383345259457e+25
5.639009671344648732e+25
5.689046916121323447e+25
5.739301535320479422e+25
5.789770897747957736e+25
5.840452323828071060e+25
5.891343086080927426e+25
5.942440409618956791e+25
5.993741472662412771e+25
6.045243407073482749e+25
6.096943298908783015e+25
6.148838188989864428e+25
6.200925073491428804e+25
6.253200904546943355e+25
6.305662590871232279e+25
6.358306998399806689e+25
6.411130950944467324e+25
6.464131230864889682e+25
6.517304579755780140e+25
6.570647699149202742e+25
6.624157251231770881e+25
6.677829859576221107e+25
6.731662109887039200e+25
6.785650550759734802e+25
6.839791694453305886e+25
6.894082017675576962e+25
6.948517962380961764e+25
7.003095936580240681e+25
7.057812315161959505e+25
7.112663440725050076e+25
7.167645624422258781e+25
7.222755146813971443e+25
7.277988258732066114e+25
7.333341182153349646e+25
7.388810111082209547e+25
7.444391212442078256e+25
7.500080626975314687e+25
7.555874470151129395e+25
7.611768833081131584e+25
7.667759783442181860e+25
7.723843366406094598e+25
7.780015605575896997e+25
7.836272503928219645e+25
7.892610044761491291e+25
7.949024192649556446e+25
8.005510894400402280e+25
8.062066080019593658e+25
8.118685663678140587e+25
8.175365544684397771e+25
8.232101608459719695e+25
8.288889727517525903e+25
8.345725762445436328e+25
8.402605562890212088e+25
8.459524968545149566e+25
8.516479810139616833e+25
8.573465910430510758e+25
8.630479085195220817e+25
8.687515144225914011e+25
8.744569892324785314e+25
8.801639130300041684e+25
8.858718655962293244e+25
8.915804265121104243e+25
8.972891752581435767e+25
9.029976913139669278e+25
9.087055542579003076e+25
9.144123438663898723e+25
9.201176402133342047e+25
9.258210237692642147e+25
9.315220755003524436e+25
9.372203769672222222e+25
9.429155104235357247e+25
9.486070589143243246e+25
9.542946063740511160e+25
9.599777377243621359e+25
9.656560389715113407e+25
9.713290973034280698e+25
9.769965011864003671e+25
9.826578404613480474e+25
9.883127064396576760e+25
9.939606919985518022e+25
9.996013916759656459e+25
1.005234401764900657e+26
1.010859320407228662e+26
1.016475747686919630e+26
1.022083285722656451e+26
1.027681538759818542e+26
1.033270113261792497e+26
1.038848618000588521e+26
1.044416664146729618e+26
1.049973865358377842e+26
1.055519837869674892e+26
1.061054200578257921e+26
1.066576575131920804e+26
1.072086586014392366e+26
1.077583860630192053e+26
1.083068029388534178e+26
1.088538725786250169e+26
1.093995586489686548e+26
1.099438251415555119e+26
1.104866363810693426e+26
1.110279570330706639e+26
1.115677521117453570e+26
1.121059869875342649e+26
1.126426273946406403e+26
1.131776394384115449e+26
1.137109896025901429e+26
1.142426447564354159e+26
1.147725721617053853e+26
1.153007394795015030e+26
1.158271147769694707e+26
1.163516665338542873e+26
1.168743636489057981e+26
1.173951754461310670e+26
1.179140716808910660e+26
1.184310225458380546e+26
1.189459986766905076e+26
1.194589711578428741e+26
1.199699115278066662e+26
1.204787917844803148e+26
1.209855843902451828e+26
1.214902622768840581e+26
1.219927988503205993e+26
1.224931679951762436e+26
1.229913440791427247e+26
1.234873019571674150e+26
1.239810169754495006e+26
1.244724649752446868e+26
1.249616222964764926e+26
1.254484657811521924e+26
1.259329727765817570e+26
1.264151211383979370e+26
1.268948892333761835e+26
1.273722559420530839e+26
1.278472006611417826e+26
1.283197033057438544e+26
1.287897443113561203e+26
1.292573046356720931e+26
1.297223657601774730e+26
1.301849096915386924e+26
1.306449189627849772e+26
1.311023766342831843e+26
1.315572662945059303e+26
1.320095720605928924e+26
1.324592785787055902e+26
1.329063710241767640e+26
1.333508351014540768e+26
1.337926570438400455e+26
1.342318236130284934e+26
1.346683220984387790e+26
1.351021403163496209e+26
1.355332666088336030e+26
1.359616898424939209e+26
1.363873994070057083e+26
1.368103852134633850e+26
1.372306376925363637e+26
1.376481477924355716e+26
1.380629069766926609e+26
1.384749072217553245e+26
1.388841410144002319e+26
1.392906013489677739e+26
1.396942817244202510e+26
1.400951761412276440e+26
1.404932790980835617e+26
1.408885855884546985e+26
1.412810910969676848e+26
1.416707915956364389e+26
1.420576835399336641e+26
1.424417638647105258e+26
1.428230299799681023e+26
1.432014797664844553e+26
1.435771115713017867e+26
1.439499242030769312e+26
1.443199169273001985e+26
1.446870894613862081e+26
1.450514419696410986e+26
1.454129750581107142e+26
1.457716897693134632e+26
1.461275875768631560e+26
1.464806703799855521e+26
1.468309404979333215e+26
1.471784006643041302e+26
1.475230540212659182e+26
1.478649041136943388e+26
1.482039548832267367e+26
1.485402106622371677e+26
1.488736761677369444e+26
1.492043564952056022e+26
1.495322571123563084e+26
1.498573838528406075e+26
1.501797429098968869e+26
1.504993408299470953e+26
1.508161845061457370e+26
1.511302811718863961e+26
1.514416383942691775e+26
1.517502640675341997e+26
1.520561664064647835e+26
1.523593539397650239e+26
1.526598355034158885e+26
1.529576202340133280e+26
1.532527175620935361e+26
1.535451372054482456e+26
1.538348891624347664e+26
1.541219837052843414e+26
1.544064313734124765e+26
1.546882429667351130e+26
1.549674295389943168e+26
1.552440023910969389e+26
1.555179730644695967e+26
1.557893533344337040e+26
1.560581552036035393e+26
1.563243908953105822e+26
1.565880728470577084e+26
1.568492137040054424e+26
1.571078263124940127e+26
1.573639237136036153e+26
1.576175191367560809e+26
1.578686259933595944e+26
1.581172578705009343e+26
1.583634285246854374e+26
1.586071518756289500e+26
1.588484420001030370e+26
1.590873131258363342e+26
1.593237796254732129e+26
1.595578560105928836e+26
1.597895569257902780e+26
1.600188971428204281e+26
1.602458915548085754e+26
1.604705551705271786e+26
1.606929031087419497e+26
1.609129505926277441e+26
1.611307129442560897e+26
1.613462055791559380e+26
1.615594440009481497e+26
1.617704437960554700e+26
1.619792206284887471e+26
1.621857902347105640e+26
1.623901684185769003e+26
1.625923710463579602e+26
1.627924140418389200e+26
1.629903133815004594e+26
1.631860850897812411e+26
1.633797452344212725e+26
1.635713099218874565e+26
1.637607952928814682e+26
1.639482175179305408e+26
1.641335927930608541e+26
1.643169373355543804e+26
1.644982673797885743e+26
1.646775991731597260e+26
1.648549489720894672e+26
1.650303330381144950e+26
1.652037676340595158e+26
1.653752690202930643e+26
1.655448534510662332e+26
1.657125371709337281e+26
1.658783364112572490e+26
1.660422673867906478e+26
1.662043462923464837e+26
1.663645892995436676e+26
1.665230125536355435e+26
1.666796321704179238e+26
1.668344642332165993e+26
1.669875247899536022e+26
1.671388298502917734e+26
1.672883953828568132e+26
1.674362373125360893e+26
1.675823715178536913e+26
1.677268138284208341e+26
1.678695800224607205e+26
1.680106858244073793e+26
1.681501469025773117e+26
1.682879788669134316e+26
1.684241972668001636e+26
1.685588175889488416e+26
1.686918552553529271e+26
1.688233256213113268e+26
1.689532439735196070e+26
1.690816255282278985e+26
1.692084854294646020e+26
1.693338387473245165e+26
1.694577004763211871e+26
1.695800855338017874e+26
1.697010087584238144e+26
1.698204849086927383e+26
1.699385286615592662e+26
1.700551546110755669e+26
1.701703772671091518e+26
1.702842110541136207e+26
1.703966703099546928e+26
1.705077692847918312e+26
1.706175221400128166e+26
1.707259429472210281e+26
1.708330456872748481e+26
1.709388442493773354e+26
1.710433524302154447e+26
1.711465839331482440e+26
1.712485523674422383e+26
1.713492712475538351e+26
1.714487539924568213e+26
1.715470139250150233e+26
1.716440642713980539e+26
1.717399181605402148e+26
1.718345886236405631e+26
1.719280885937041737e+26
1.720204309051228479e+26
1.721116282932946823e+26
1.722016933942814677e+26
1.722906387445032997e+26
1.723784767804687863e+26
1.724652198385407487e+26
1.725508801547359040e+26
1.726354698645579112e+26
1.727190010028629561e+26
1.728014855037567748e+26
1.728829352005226362e+26
1.729633618255787353e+26
1.730427770104654464e+26
1.731211922858596849e+26
1.731986190816177887e+26
1.732750687268442716e+26
1.733505524499866910e+26
1.734250813789555973e+26
1.734986665412686735e+26
1.735713188642184789e+26
1.736430491750629056e+26
1.737138682012380366e+26
1.737837865705917926e+26
1.738528148116388808e+26
1.739209633538353293e+26
1.739882425278724692e+26
1.740546625659895050e+26
1.741202336023041583e+26
1.741849656731605605e+26
1.742488687174940494e+26
1.743119525772118074e+26
1.743742269975894406e+26
1.744357016276819564e+26
1.744963860207494802e+26
1.745562896346966480e+26
1.746154218325252958e+26
1.746737918827995185e+26
1.747314089601234081e+26
1.747882821456299582e+26
1.748444204274813762e+26
1.748998327013799781e+26
1.749545277710891854e+26
1.750085143489641081e+26
1.750618010564916797e+26
1.751143964248391763e+26
1.751663088954112909e+26
1.752175468204150073e+26
1.752681184634319651e+26
1.753180319999980049e+26
1.753672955181889678e+26
1.754159170192135038e+26
1.754639044180111032e+26
1.755112655438558314e+26
1.755580081409654586e+26
1.756041398691151930e+26
1.756496683042559848e+26
1.756946009391368493e+26
1.757389451839311423e+26
1.757827083668663051e+26
1.758258977348569428e+26
1.758685204541403418e+26
1.759105836109152178e+26
1.759520942119825244e+26
1.759930591853880492e+26
1.760334853810675180e+26
1.760733795714922483e+26
1.761127484523173117e+26
1.761515986430295241e+26
1.761899366875972570e+26
1.762277690551201804e+26
1.762651021404798984e+26
1.763019422649900359e+26
1.763382956770473552e+26
1.763741685527814990e+26
1.764095669967051111e+26
1.764444970423629599e+26
1.764789646529805137e+26
1.765129757221111057e+26
1.765465360742826878e+26
1.765796514656424877e+26
1.766123275846007731e+26
1.766445700524730009e+26
1.766763844241197327e+26
1.767077761885852455e+26
1.767387507697338044e+26
1.767693135268839444e+26
1.767994697554402421e+26
1.768292246875230271e+26
1.768585834925954469e+26
1.768875512780877493e+26
1.769161330900190904e+26
1.769443339136165597e+26
1.769721586739310439e+26
1.769996122364501705e+26
1.770266994077084680e+26
1.770534249358937120e+26
1.770797935114508322e+26
1.771058097676816960e+26
1.771314782813420398e+26
1.771568035732346905e+26
1.771817901087991783e+26
1.772064422986982574e+26
1.772307644993997194e+26
1.772547610137558362e+26
1.772784360915779234e+26
1.773017939302075019e+26
1.773248386750839216e+26
1.773475744203074821e+26
1.773700052091989477e+26
1.773921350348551092e+26
1.774139678407001895e+26
1.774355075210330907e+26
1.774567579215709315e+26
1.774777228399882194e+26
1.774984060264516605e+26
1.775188111841514298e+26
1.775389419698275622e+26
1.775588019942927015e+26
1.775783948229502801e+26
1.775977239763085400e+26
1.776167929304904661e+26
1.776356051177392866e+26
1.776541639269196785e+26
1.776724727040149874e+26
1.776905347526196368e+26
1.777083533344279299e+26
1.777259316697178000e+26
1.777432729378310229e+26
1.777603802776486174e+26
1.777772567880620897e+26
1.777939055284404509e+26
1.778103295190928362e+26
1.778265317417272076e+26
1.778425151399041088e+26
1.778582826194868119e+26
1.778738370490868256e+26
1.778891812605053496e+26
1.779043180491703645e+26
1.779192501745694613e+26
1.779339803606788918e+26
1.779485112963875677e+26
1.779628456359177265e+26
1.779769859992412004e+26
1.779909349724910110e+26
1.780046951083697006e+26
1.780182689265526813e+26
1.780316589140882167e+26
1.780448675257929024e+26
1.780578971846430920e+26
1.780707502821625442e+26
1.780834291788059111e+26
1.780959362043378984e+26
1.781082736582092641e+26
1.781204438099280064e+26
1.781324488994271160e+26
1.781442911374283773e+26
1.781559727058020118e+26
1.781674957579229881e+26
1.781788624190228318e+26
1.781900747865382390e+26
1.782011349304556017e+26
1.782120448936517533e+26
1.782228066922311404e+26
1.782334223158592844e+26
1.782438937280923600e+26
1.782542228667034066e+26
1.782644116440046910e+26
1.782744619471666353e+26
1.782843756385332383e+26
1.782941545559335131e+26
1.783038005129901743e+26
1.783133152994239280e+26
1.783227006813553570e+26
1.783319584016023378e+26
1.783410901799748478e+26
1.783500977135658548e+26
1.783589826770394230e+26
1.783677467229150058e+26
1.783763914818485430e+26
1.783849185629107741e+26
1.783933295538615671e+26
1.784016260214217378e+26
1.784098095115412968e+26
1.784178815496647063e+26
1.784258436409929419e+26
1.784336972707427028e+26
1.784414439044021508e+26
1.784490849879839700e+26
1.784566219482756092e+26
1.784640561930858122e+26
1.784713891114890192e+26
1.784786220740663660e+26
1.784857564331440371e+26
1.784927935230287335e+26
1.784997346602400129e+26
1.785065811437403969e+26
1.785133342551623515e+26
1.785199952590323472e+26
1.785265654029926848e+26
1.785330459180201960e+26
1.785394380186426403e+26
1.785457429031522167e+26
1.785519617538166015e+26
1.785580957370872364e+26
1.785641460038054188e+26
1.785701136894055050e+26
1.785759999141156399e+26
1.785818057831564934e+26
1.785875323869368023e+26
1.785931808012471930e+26
1.785987520874510502e+26
1.786042472926734609e+26
1.786096674499875475e+26
1.786150135785986699e+26
1.786202866840259829e+26
1.786254877582823778e+26
1.786306177800513322e+26
1.786356777148624879e+26
1.786406685152641028e+26
1.786455911209940937e+26
1.786504464591484673e+26
1.786552354443479310e+26
1.786599589789020293e+26
1.786646179529718713e+26
1.786692132447299381e+26
1.786737457205185839e+26
1.786782162350062361e+26
1.786826256313416009e+26
1.786869747413061525e+26
1.786912643854641129e+26
1.786954953733113676e+26
1.786996685034217685e+26
1.787037845635918924e+26
1.787078443309838737e+26
1.787118485722666578e+26
1.787157980437548826e+26
1.787196934915465931e+26
1.787235356516588930e+26
1.787273252501618791e+26
1.787310630033108578e+26
1.787347496176769120e+26
1.787383857902757500e+26
1.787419722086949739e+26
1.787455095512195274e+26
1.787489984869558029e+26
1.787524396759537558e+26
1.787558337693280232e+26
1.787591814093766360e+26
1.787624832296992859e+26
1.787657398553129109e+26
1.787689519027668010e+26
1.787721199802552289e+26
1.787752446877296692e+26
1.787783266170087153e+26
1.787813663518869307e+26
1.787843644682421203e+26
1.787873215341416740e+26
1.787902381099467794e+26
1.787931147484157075e+26
1.787959519948060326e+26
1.787987503869747911e+26
1.788015104554778845e+26
1.788042327236681415e+26
1.788069177077917320e+26
1.788095659170837555e+26
1.788121778538624215e+26
1.788147540136217171e+26
1.788172948851233545e+26
1.788198009504871363e+26
1.788222726852801885e+26
1.788247105586052986e+26
1.788271150331876404e+26
1.788294865654607756e+26
1.788318256056512139e+26
1.788341325978621125e+26
1.788364079801555686e+26
1.788386521846341886e+26
1.788408656375212156e+26
1.788430487592400373e+26
1.788452019644920113e+26
1.788473256623339804e+26
1.788494202562541733e+26
1.788514861442474182e+26
1.788535237188894282e+26
1.788555333674096445e+26
1.788575154717637692e+26
1.788594704087046844e+26
1.788613985498529577e+26
1.788633002617659748e+26
1.788651759060066239e+26
1.788670258392107099e+26
1.788688504131534403e+26
1.788706499748152930e+26
1.788724248664468875e+26
1.788741754256328592e+26
1.788759019853551852e+26
1.788776048740553059e+26
1.788792844156957325e+26
1.788809409298204856e+26
1.788825747316152249e+26
1.788841861319661072e+26
1.788857754375180263e+26
1.788873429507321656e+26
1.788888889699426572e+26
1.788904137894125539e+26
1.788919176993890798e+26
1.788934009861578499e+26
1.788948639320969865e+26
1.788963068157297588e+26
1.788977299117771183e+26
1.788991334912092390e+26
1.789005178212964038e+26
1.789018831656592042e+26
1.789032297843181214e+26
1.789045579337424889e+26
1.789058678668985618e+26
1.789071598332972425e+26
1.789084340790410161e+26
1.789096908468700954e+26
1.789109303762083599e+26
1.789121529032082644e+26
1.789133586607952312e+26
1.789145478787118712e+26
1.789157207835608307e+26
1.789168775988478099e+26
1.789180185450235157e+26
1.789191438395253060e+26
1.789202536968181122e+26
1.789213483284349834e+26
1.789224279430168409e+26
1.789234927463520263e+26
1.789245429414149902e+26
1.789255787284045693e+26
1.789266003047819194e+26
1.789276078653077269e+26
1.789286016020789397e+26
1.789295817045650508e+26
1.789305483596440042e+26
1.789315017516373794e+26
1.789324420623452322e+26
1.789333694710805918e+26
1.789342841547029960e+26
1.789351862876524725e+26
1.789360760419820443e+26
1.789369535873904732e+26
1.789378190912543528e+26
1.789386727186597190e+26
1.789395146324333519e+26
1.789403449931734932e+26
1.789411639592803578e+26
1.789419716869859925e+26
1.789427683303838940e+26
1.789435540414583519e+26
1.789443289701128645e+26
1.789450932641988979e+26
1.789458470695437172e+26
1.789465905299779087e+26
1.789473237873629366e+26
1.789480469816176685e+26
1.789487602507451759e+26
1.789494637308587451e+26
1.789501575562076805e+26
1.789508418592028346e+26
1.789515167704416559e+26
1.789521824187329281e+26
1.789528389311212340e+26
1.789534864329111106e+26
1.789541250476907572e+26
1.789547548973553315e+26
1.789553761021304856e+26
1.789559887805947348e+26
1.789565930497022375e+26
1.789571890248048201e+26
1.789577768196741048e+26
1.789583565465228124e+26
1.789589283160263400e+26
1.789594922373435494e+26
1.789600484181376914e+26
1.789605969645966784e+26
1.789611379814534254e+26
1.789616715720055380e+26
1.789621978381352068e+26
1.789627168803282424e+26
1.789632287976934204e+26
1.789637336879812417e+26
1.789642316476024862e+26
1.789647227716464930e+26
1.789652071538993362e+26
1.789656848868616234e+26
1.789661560617659848e+26
1.789666207685945964e+26
1.789670790960960513e+26
1.789675311318024700e+26
1.789679769620459937e+26
1.789684166719753456e+26
1.789688503455718079e+26
1.789692780656653367e+26
1.789696999139504362e+26
1.789701159710014488e+26
1.789705263162880170e+26
1.789709310281902359e+26
1.789713301840134279e+26
1.789717238600030552e+26
1.789721121313590817e+26
1.789724950722503355e+26
1.789728727558284934e+26
1.789732452542423402e+26
1.789736126386511690e+26
1.789739749792383874e+26
1.789743323452250902e+26
1.789746848048829091e+26
1.789750324255473794e+26
1.789753752736304464e+26
1.789757134146332478e+26
1.789760469131586199e+26
1.789763758329233990e+26
1.789767002367703440e+26
1.789770201866805059e+26
1.789773357437846010e+26
1.789776469683750364e+26
1.789779539199171120e+26
1.789782566570605302e+26
1.789785552376503917e+26
1.789788497187384993e+26
1.789791401565938382e+26
1.789794266067136736e+26
1.789797091238339277e+26
1.789799877619396937e+26
1.789802625742753377e+26
1.789805336133549780e+26
1.789808009309721750e+26
1.789810645782099641e+26
1.789813246054505794e+26
1.789815810623850745e+26
1.789818339980226684e+26
1.789820834607002975e+26
1.789823294980916521e+26
1.789825721572163161e+26
1.789828114844488037e+26
1.789830475255272869e+26
1.789832803255624944e+26
1.789835099290459580e+26
1.789837363798590150e+26
1.789839597212807452e+26
1.789841799959963545e+26
1.789843972461054218e+26
1.789846115131297666e+26
1.789848228380215241e+26
1.789850312611708418e+26
1.789852368224135412e+26
1.789854395610389868e+26
1.789856395157972325e+26
1.789858367249066153e+26
1.789860312260609708e+26
1.789862230564369860e+26
1.789864122527010031e+26
1.789865988510163030e+26
1.789867828870497716e+26
1.789869643959789091e+26
1.789871434124983581e+26
1.789873199708267073e+26
1.789874941047128477e+26
1.789876658474425351e+26
1.789878352318446786e+26
1.789880022902976279e+26
1.789881670547353581e+26
1.789883295566535517e+26
1.789884898271156455e+26
1.789886478967586720e+26
1.789888037957992036e+26
1.789889575540390564e+26
1.789891092008710623e+26
1.789892587652845669e+26
1.789894062758710302e+26
1.789895517608293862e+26
1.789896952479717817e+26
1.789898367647283174e+26
1.789899763381526829e+26
1.789901139949273111e+26
1.789902497613682912e+26
1.789903836634304543e+26
1.789905157267125269e+26
1.789906459764616668e+26
1.789907744375785138e+26
1.789909011346220347e+26
1.789910260918138863e+26
1.789911493330433641e+26
1.789912708818717652e+26
1.789913907615369930e+26
1.789915089949579207e+26
1.789916256047388581e+26
1.789917406131737436e+26
1.789918540422505418e+26
1.789919659136552987e+26
1.789920762487764702e+26
1.789921850687087368e+26
1.789922923942573667e+26
1.789923982459418925e+26
1.789925026440001659e+26
1.789926056083922398e+26
1.789927071588041828e+26
1.789928073146516866e+26
1.789929060950839831e+26
1.789930035189874522e+26
1.789930996049891267e+26
1.789931943714602997e+26
1.789932878365200637e+26
1.789933800180387812e+26
1.789934709336414863e+26
1.789935606007111828e+26
1.789936490363922808e+26
1.789937362575937915e+26
1.789938222809925232e+26
1.789939071230364483e+26
1.789939907999475553e+26
1.789940733277252844e+26
1.789941547221492769e+26
1.789942349987826387e+26
1.789943141729746897e+26
1.789943922598640900e+26
1.789944692743816234e+26
1.789945452312530835e+26
1.789946201450020913e+26
1.789946940299527749e+26
1.789947669002327593e+26
1.789948387697755368e+26
1.789949096523233535e+26
1.789949795614297863e+26
1.789950485104623538e+26
1.789951165126049220e+26
1.789951835808604185e+26
1.789952497280532378e+26
1.789953149668316804e+26
1.789953793096703931e+26
1.789954427688726705e+26
1.789955053565729634e+26
1.789955670847390778e+26
1.789956279651744773e+26
1.789956880095205849e+26
1.789957472292589132e+26
1.789958056357134357e+26
1.789958632400525447e+26
1.789959200532912851e+26
1.789959760862935878e+26
1.789960313497739875e+26
1.789960858543000964e+26
1.789961396102942542e+26
1.789961926280358636e+26
1.789962449176630748e+26
1.789962964891747777e+26
1.789963473524326984e+26
1.789963975171631166e+26
1.789964469929586529e+26
1.789964957892803643e+26
1.789965439154592218e+26
1.789965913806982065e+26
