1.255398282910510770e+22
1.272878632769377272e+22
1.290602359237495489e+22
1.308572850188718598e+22
1.326793540639530156e+22
1.345267913404539994e+22
1.363999499761090770e+22
1.382991880123086327e+22
1.402248684724174822e+22
1.421773594310422508e+22
1.441570340842583884e+22
1.461642708208143512e+22
1.481994532943225160e+22
1.502629704964522587e+22
1.523552168311400065e+22
1.544765921898272496e+22
1.566275020277441312e+22
1.588083574412512592e+22
1.610195752462542753e+22
1.632615780577076209e+22
1.655347943702192246e+22
1.678396586397759491e+22
1.701766113666011654e+22
1.725460991791623202e+22
1.749485749193444373e+22
1.773844977288033704e+22
1.798543331365187538e+22
1.823585531475599452e+22
1.848976363330834373e+22
1.874720679215790398e+22
1.900823398913796158e+22
1.927289510644555763e+22
1.954124072015084336e+22
1.981332210983835900e+22
2.008919126838193894e+22
2.036890091185519355e+22
2.065250448957921192e+22
2.094005619430969573e+22
2.123161097256525680e+22
2.152722453509877373e+22
2.182695336751401429e+22
2.213085474102918408e+22
2.243898672338979258e+22
2.275140818993262310e+22
2.306817883480302132e+22
2.338935918232767509e+22
2.371501059854467649e+22
2.404519530289361322e+22
2.437997638006733799e+22
2.471941779202795740e+22
2.506358439018937241e+22
2.541254192776815732e+22
2.576635707230582630e+22
2.612509741836426176e+22
2.648883150039693866e+22
2.685762880579835213e+22
2.723155978813413156e+22
2.761069588055402637e+22
2.799510950939084613e+22
2.838487410794733083e+22
2.878006413047391637e+22
2.918075506633993722e+22
2.958702345440064019e+22
2.999894689756325976e+22
3.041660407755433207e+22
3.084007476989134687e+22
3.126943985906153108e+22
3.170478135391025942e+22
3.214618240324253988e+22
3.259372731164000256e+22
3.304750155549657111e+22
3.350759179927594992e+22
3.397408591199347304e+22
3.444707298392603519e+22
3.492664334355275553e+22
3.541288857472978439e+22
3.590590153410240263e+22
3.640577636875742950e+22
3.691260853411973484e+22
3.742649481209572019e+22
3.794753332946738033e+22
3.847582357654048919e+22
3.901146642604985051e+22
3.955456415232590401e+22
4.010522045072571105e+22
4.066354045733201510e+22
4.122963076892439504e+22
4.180359946322551452e+22
4.238555611942707266e+22
4.297561183899871923e+22
4.357387926678388552e+22
4.418047261238675846e+22
4.479550767185369498e+22
4.541910184965396706e+22
4.605137418096327682e+22
4.669244535425433652e+22
4.734243773419900161e+22
4.800147538488547974e+22
4.866968409335577497e+22
4.934719139346722587e+22
5.003412659008246592e+22
5.073062078359289830e+22
5.143680689477909899e+22
5.215281969001408758e+22
5.287879580681310621e+22
5.361487377973494835e+22
5.436119406664007182e+22
5.511789907530909483e+22
5.588513319042819293e+22
5.666304280094513824e+22
5.745177632780146704e+22
5.825148425204617812e+22
5.906231914333516438e+22
5.988443568882290419e+22
6.071799072245075778e+22
6.156314325463746373e+22
6.242005450237790074e+22
6.328888791975419970e+22
6.416980922886655469e+22
6.506298645118820391e+22
6.596858993935052807e+22
6.688679240936465000e+22
6.781776897328435901e+22
6.876169717231754045e+22
6.971875701039117736e+22
7.068913098817666023e+22
7.167300413758160398e+22
7.267056405671312989e+22
7.368200094532198256e+22
7.470750764073012429e+22
7.574727965425132791e+22
7.680151520811039693e+22
7.787041527286645706e+22
7.895418360535008359e+22
8.005302678711745223e+22
8.116715426343178102e+22
8.229677838277672750e+22
8.344211443691046516e+22
8.460338070146703268e+22
8.578079847711149916e+22
8.697459213125830679e+22
8.818498914035832770e+22
8.941222013276359387e+22
9.065651893217679691e+22
9.191812260169315779e+22
9.319727148844330674e+22
9.449420926884479028e+22
9.580918299446985569e+22
9.714244313853894171e+22
9.849424364304643549e+22
9.986484196652903039e+22
1.012544991324837983e+23
1.026634797784451200e+23
1.040920522057297848e+23
1.055404884298574070e+23
1.070090642316574495e+23
1.084980592090699520e+23
1.100077568296503822e+23
1.115384444837875690e+23
1.130904135386431897e+23
1.146639593928244058e+23
1.162593815317973461e+23
1.178769835840521424e+23
1.195170733780297182e+23
1.211799629998190536e+23
1.228659688516364030e+23
1.245754117110965490e+23
1.263086167912854187e+23
1.280659138016463290e+23
1.298476370096884495e+23
1.316541253035302333e+23
1.334857222552872120e+23
1.353427761853165700e+23
1.372256402273280595e+23
1.391346723943742607e+23
1.410702356457301517e+23
1.430326979546747387e+23
1.450224323771860045e+23
1.470398171215603821e+23
1.490852356189704610e+23
1.511590765949709745e+23
1.532617341419670282e+23
1.553936077926565811e+23
1.575551025944588232e+23
1.597466291849425249e+23
1.619686038682671272e+23
1.642214486926476444e+23
1.665055915288600217e+23
1.688214661497966811e+23
1.711695123110883922e+23
1.735501758328053212e+23
1.759639086822497735e+23
1.784111690578571381e+23
1.808924214742169797e+23
1.834081368482290430e+23
1.859587925864105084e+23
1.885448726733653394e+23
1.911668677614348125e+23
1.938252752615405383e+23
1.965205994352377237e+23
1.992533514879926010e+23
2.020240496636991887e+23
2.048332193404528351e+23
2.076813931275936281e+23
2.105691109640384975e+23
2.134969202179164026e+23
2.164653757875227470e+23
2.194750402036107020e+23
2.225264837330360483e+23
2.256202844837704022e+23
2.287570285113034597e+23
2.319373099264468436e+23
2.351617310045621683e+23
2.384309022962266774e+23
2.417454427393558137e+23
2.451059797728017829e+23
2.485131494514435776e+23
2.519675965627901380e+23
2.554699747451125556e+23
2.590209466071242087e+23
2.626211838492301056e+23
2.662713673863614725e+23
2.699721874724165255e+23
2.737243438263280620e+23
2.775285457597731386e+23
2.813855123065513443e+23
2.852959723536446202e+23
2.892606647739846639e+23
2.932803385609459388e+23
2.973557529645828077e+23
3.014876776296361272e+23
3.056768927353278562e+23
3.099241891369631078e+23
3.142303685093660515e+23
3.185962434921646648e+23
3.230226378369527542e+23
3.275103865563476006e+23
3.320603360749643010e+23
3.366733443823334484e+23
3.413502811877801355e+23
3.460920280772903206e+23
3.508994786723869019e+23
3.557735387910360374e+23
3.607151266106118934e+23
3.657251728329384143e+23
3.708046208514352889e+23
3.759544269203911349e+23
3.811755603263864481e+23
3.864690035618927576e+23
3.918357525010730199e+23
3.972768165778027111e+23
4.027932189659453750e+23
4.083859967618978603e+23
4.140562011694386664e+23
4.198048976869000007e+23
4.256331662966897875e+23
4.315421016571918806e+23
4.375328132970668936e+23
4.436064258119813657e+23
4.497640790637945196e+23
4.560069283822208685e+23
4.623361447690057128e+23
4.687529151046311792e+23
4.752584423575849450e+23
4.818539457962185599e+23
4.885406612032175106e+23
4.953198410927181922e+23
5.021927549300916533e+23
5.091606893544270620e+23
5.162249484037403967e+23
5.233868537429351371e+23
5.306477448945450866e+23
5.380089794722879840e+23
5.454719334174523822e+23
5.530380012381553117e+23
5.607085962514892482e+23
5.684851508285950940e+23
5.763691166426857346e+23
5.843619649200454044e+23
5.924651866940437158e+23
6.006802930621801237e+23
6.090088154461994264e+23
6.174523058552994403e+23
6.260123371524607820e+23
6.346905033239330470e+23
6.434884197518977217e+23
6.524077234903433284e+23
6.614500735441819276e+23
6.706171511516273805e+23
6.799106600698772455e+23
6.893323268641156256e+23
6.988839011998719940e+23
7.085671561387629787e+23
7.183838884376466329e+23
7.283359188512146918e+23
7.384250924380567739e+23
7.486532788702184043e+23
7.590223727462881585e+23
7.695342939080331205e+23
7.801909877606206386e+23
7.909944255964477192e+23
8.019466049226036950e+23
8.130495497920030767e+23
8.243053111382032180e+23
8.357159671139446439e+23
8.472836234334355168e+23
8.590104137184029222e+23
8.708984998479484231e+23
8.829500723122190208e+23
8.951673505699319094e+23
9.075525834097714119e+23
9.201080493156810495e+23
9.328360568360802703e+23
9.457389449570291936e+23
9.588190834793572058e+23
9.720788733997908419e+23
9.855207472960888719e+23
9.991471697162197564e+23
1.012960637571597175e+24
1.026963680534386111e+24
1.041158861438920023e+24
1.055548776687224008e+24
1.070136056658682203e+24
1.084923366123859763e+24
1.099913404662490287e+24
1.115108907085662245e+24
1.130512643862198498e+24
1.146127421549263817e+24
1.161956083227203209e+24
1.178001508938620852e+24
1.194266616131726617e+24
1.210754360107943871e+24
1.227467734473799763e+24
1.244409771597105914e+24
1.261583543067430720e+24
1.278992160160876820e+24
1.296638774309165614e+24
1.314526577573039568e+24
1.332658803119967527e+24
1.351038725706179104e+24
1.369669662163008248e+24
1.388554971887554877e+24
1.407698057337661601e+24
1.427102364531191053e+24
1.446771383549609200e+24
1.466708649045865217e+24
1.486917740756552118e+24
1.507402284018344894e+24
1.528165950288690403e+24
1.549212457670749282e+24
1.570545571442567592e+24
1.592169104590446793e+24
1.614086918346517959e+24
1.636302922730459024e+24
1.658821077095369553e+24
1.681645390677742652e+24
1.704779923151523796e+24
1.728228785186220894e+24
1.751996139009009210e+24
1.776086198970826571e+24
1.800503232116396862e+24
1.825251558758136448e+24
1.850335553053917192e+24
1.875759643588602083e+24
1.901528313959344043e+24
1.927646103364554264e+24
1.954117607196505414e+24
1.980947477637494307e+24
2.008140424259514634e+24
2.035701214627339354e+24
2.063634674904982431e+24
2.091945690465426613e+24
2.120639206503560096e+24
2.149720228652234284e+24
2.179193823601333667e+24
2.209065119719801970e+24
2.239339307680500845e+24
2.270021641087805792e+24
2.301117437107849654e+24
2.332632077101271972e+24
2.364571007258399544e+24
2.396939739236707890e+24
2.429743850800454088e+24
2.462988986462356162e+24
2.496680858127159572e+24
2.530825245736990409e+24
2.565427997918320816e+24
2.600495032630400063e+24
2.636032337815019213e+24
2.672045972047403214e+24
2.708542065188114457e+24
2.745526819035747682e+24
2.783006507980275034e+24
2.820987479656835649e+24
2.859476155599756095e+24
2.898479031896662077e+24
2.938002679842408686e+24
2.978053746592663286e+24
3.018638955816910733e+24
3.059765108350621074e+24
3.101439082846402558e+24
3.143667836423854348e+24
3.186458405317880022e+24
3.229817905525231551e+24
3.273753533448956789e+24
3.318272566540555610e+24
3.363382363939501605e+24
3.409090367109870593e+24
3.455404100473768838e+24
3.502331172041266240e+24
3.549879274036482846e+24
3.598056183519553260e+24
3.646869763004110337e+24
3.696327961069930592e+24
3.746438812970439607e+24
3.797210441234631293e+24
3.848651056263127754e+24
3.900768956917928753e+24
3.953572531105484132e+24
4.007070256352695631e+24
4.061270700375401979e+24
4.116182521638977358e+24
4.171814469910568089e+24
4.228175386802537537e+24
4.285274206306688098e+24
4.343119955318723947e+24
4.401721754152586264e+24
4.461088817044075726e+24
4.521230452643312383e+24
4.582156064495532551e+24
4.643875151509628945e+24
4.706397308414018504e+24
4.769732226199172199e+24
4.833889692546329546e+24
4.898879592241818526e+24
4.964711907576326486e+24
5.031396718728644728e+24
5.098944204133195842e+24
5.167364640830746234e+24
5.236668404801709556e+24
5.306865971281309251e+24
5.377967915056063368e+24
5.449984910740828212e+24
5.522927733035764080e+24
5.596807256962534849e+24
5.671634458078986543e+24
5.747420412671657431e+24
5.824176297925346559e+24
5.901913392068980501e+24
5.980643074497101880e+24
6.060376825866078778e+24
6.141126228164395106e+24
6.222902964756147874e+24
6.305718820396954687e+24
6.389585681221460750e+24
6.474515534701665880e+24
6.560520469575101913e+24
6.647612675742159363e+24
6.735804444131595890e+24
6.825108166533397650e+24
6.915536335398098019e+24
7.007101543601613100e+24
7.099816484174769385e+24
7.193693949996530338e+24
7.288746833450028581e+24
7.384988126040473781e+24
7.482430917973918374e+24
7.581088397696031758e+24
7.680973851389831785e+24
7.782100662431416846e+24
7.884482310802769751e+24
7.988132372460524236e+24
8.093064518659834034e+24
8.199292515232247139e+24
8.306830221816601715e+24
8.415691591041956889e+24
8.525890667661449241e+24
8.637441587636176285e+24
8.750358577167970903e+24
8.864655951680073540e+24
8.980348114744722888e+24
9.097449556956478595e+24
9.215974854750424504e+24
9.335938669164070242e+24
9.457355744541994453e+24
9.580240907182195658e+24
9.704609063923007216e+24
9.830475200669723824e+24
9.957854380859779919e+24
1.008676174386550074e+25
1.021721250333347253e+25
1.034922194545936802e+25
1.048280542719741106e+25
1.061797837440340884e+25
1.075475627991034454e+25
1.089315470153560705e+25
1.103318926001896852e+25
1.117487563689016318e+25
1.131822957226542311e+25
1.146326686257186066e+25
1.161000335819886652e+25
1.175845496107575891e+25
1.190863762217461014e+25
1.206056733893767716e+25
1.221426015262850623e+25
1.236973214560591723e+25
1.252699943852025322e+25
1.268607818743095926e+25
1.284698458084507570e+25
1.300973483667576355e+25
1.317434519912035287e+25
1.334083193545736878e+25
1.350921133276180060e+25
1.367949969453834138e+25
1.385171333727197730e+25
1.402586858689554670e+25
1.420198177517392093e+25
1.438006923600436247e+25
1.456014730163288209e+25
1.474223229878638027e+25
1.492634054472020784e+25
1.511248834318127900e+25
1.530069198028635652e+25
1.549096772031576267e+25
1.568333180142239119e+25
1.587780043125615138e+25
1.607438978250409985e+25
1.627311598834625556e+25
1.647399513782767165e+25
1.667704327114694437e+25
1.688227637486164230e+25
1.708971037701117768e+25
1.729936114215756879e+25
1.751124446634500373e+25
1.772537607197862021e+25
1.794177160262358362e+25
1.816044661772510764e+25
1.838141658725064362e+25
1.860469688625495378e+25
1.883030278936956294e+25
1.905824946521754009e+25
1.928855197075502936e+25
1.952122524554097329e+25
1.975628410593628710e+25
1.999374323923438431e+25
2.023361719772443454e+25
2.047592039268927128e+25
2.072066708833983721e+25
2.096787139568779060e+25
2.121754726635880245e+25
2.146970848634831833e+25
2.172436866972207400e+25
2.198154125226392034e+25
2.224123948507289907e+25
2.250347642811267853e+25
2.276826494371551450e+25
2.303561769004359623e+25
2.330554711451070707e+25
2.357806544716677648e+25
2.385318469404868231e+25
2.413091663050015928e+25
2.441127279446405221e+25
2.469426447975027260e+25
2.497990272928253809e+25
2.526819832832776455e+25
2.555916179771130194e+25
2.585280338702178494e+25
2.614913306780932639e+25
2.644816052678070855e+25
2.674989515899558796e+25
2.705434606106759230e+25
2.736152202437430776e+25
2.767143152828039192e+25
2.798408273337759587e+25
2.829948347474644582e+25
2.861764125524347984e+25
2.893856323881851065e+25
2.926225624386636844e+25
2.958872673661752602e+25
2.991798082457200868e+25
3.025002424998140330e+25
3.058486238338325331e+25
3.092250021719267536e+25
3.126294235935578068e+25
3.160619302706946651e+25
3.195225604057248255e+25
3.230113481701235934e+25
3.265283236439294040e+25
3.300735127560734980e+25
3.336469372256083190e+25
3.372486145038862156e+25
3.408785577177329015e+25
3.445367756136626156e+25
3.482232725031840333e+25
3.519380482092396189e+25
3.556810980138289290e+25
3.594524126068595892e+25
3.632519780362706979e+25
3.670797756594757302e+25
3.709357820961659150e+25
3.748199691825220181e+25
3.787323039268743890e+25
3.826727484668544766e+25
3.866412600280811095e+25
3.906377908844172742e+25
3.946622883198436900e+25
3.987146945919834556e+25
4.027949468973157350e+25
4.069029773381194554e+25
4.110387128911742486e+25
4.152020753782629594e+25
4.193929814385010605e+25
4.236113425025286241e+25
4.278570647685953426e+25
4.321300491805644548e+25
4.364301914078682190e+25
4.407573818274370969e+25
4.451115055076297885e+25
4.494924421941871441e+25
4.539000662982282452e+25
4.583342468863145135e+25
4.627948476725955900e+25
4.672817270130554532e+25
4.717947379018735511e+25
4.763337279699153777e+25
4.808985394853605693e+25
4.854890093564832083e+25
4.901049691365889743e+25
4.947462450311165286e+25
4.994126579069087169e+25
5.041040233036523863e+25
5.088201514474942046e+25
5.135608472668254383e+25
5.183259104102369777e+25
5.231151352666401416e+25
5.279283109875422678e+25
5.327652215114775177e+25
5.376256455905759734e+25
5.425093568192638981e+25
5.474161236650814144e+25
5.523457095016005084e+25
5.572978726434317618e+25
5.622723663832985096e+25
5.672689390311599549e+25
5.722873339553643432e+25
5.773272896258055662e+25
5.823885396590651588e+25
5.874708128655098788e+25
5.925738332983211644e+25
5.976973203044293228e+25
6.028409885773198097e+25
6.080045482116861726e+25
6.131877047598961578e+25
6.183901592902394554e+25
6.236116084469245270e+25
6.288517445117867204e+25
6.341102554676796669e+25
6.393868250635092477e+25
6.446811328808716423e+25
6.499928544022678901e+25
6.553216610808434208e+25
6.606672204116276471e+25
6.660291960042249970e+25
6.714072476569247465e+25
6.768010314321842969e+25
6.822101997334540276e+25
6.876344013832910694e+25
6.930732817027369137e+25
6.985264825919072347e+25
7.039936426117542361e+25
7.094743970669719762e+25
7.149683780899841948e+25
7.204752147259984963e+25
7.259945330190655536e+25
7.315259560991120681e+25
7.370691042699145847e+25
7.426235950979572111e+25
7.481890435021546875e+25
7.537650618443829094e+25
7.593512600207882147e+25
7.649472455538433075e+25
7.705526236850913215e+25
7.761669974685676292e+25
7.817899678648412436e+25
7.874211338356439424e+25
7.930600924390671878e+25
7.987064389252639618e+25
8.043597668326483029e+25
8.100196680845385984e+25
8.156857330862174890e+25
8.213575508223833022e+25
8.270347089549431935e+25
8.327167939211352819e+25
8.384033910319316768e+25
8.440940845706992020e+25
8.497884578920925644e+25
8.554860935211327209e+25
8.611865732524646033e+25
8.668894782497419747e+25
8.725943891451225799e+25
8.783008861388505701e+25
8.840085490988796438e+25
8.897169576605305474e+25
8.954256913261411880e+25
9.011343295646810129e+25
9.068424519113220956e+25
9.125496380669086878e+25
9.182554679973329709e+25
9.239595220327615133e+25
9.296613809667016116e+25
9.353606261548843229e+25
9.410568396139193478e+25
9.467496041197214221e+25
9.524385033056580499e+25
9.581231217604031181e+25
9.638030451254780091e+25
9.694778601924319357e+25
9.751471549996584068e+25
9.808105189288038429e+25
9.864675428007454923e+25
9.921178189711216400e+25
9.977609414253658334e+25
1.003396505873239628e+26
1.009024109842817295e+26
1.014643352773901704e+26
1.020253836110849047e+26
1.025855163394753950e+26
1.031446940354991726e+26
1.037028775000055554e+26
1.042600277707694615e+26
1.048161061314288755e+26
1.053710741203447300e+26
1.059248935393802832e+26
1.064775264625949055e+26
1.070289352448515887e+26
1.075790825303327502e+26
1.081279312609619590e+26
1.086754446847289397e+26
1.092215863639127168e+26
1.097663201832016457e+26
1.103096103577052614e+26
1.108514214408550433e+26
1.113917183321916887e+26
1.119304662850333817e+26
1.124676309140239067e+26
1.130031782025554334e+26
1.135370745100631244e+26
1.140692865791889512e+26
1.145997815428093087e+26
1.151285269309255518e+26
1.156554906774118870e+26
1.161806411266182145e+26
1.167039470398251207e+26
1.172253776015462615e+26
1.177449024256766595e+26
1.182624915614821565e+26
1.187781154994275977e+26
1.192917451768412066e+26
1.198033519834105457e+26
1.203129077665092719e+26
1.208203848363496028e+26
1.213257559709591704e+26
1.218289944209795299e+26
1.223300739142824425e+26
1.228289686604033638e+26
1.233256533547877923e+26
1.238201031828493773e+26
1.243122938238377092e+26
1.248022014545125611e+26
1.252898027526241173e+26
1.257750749001963391e+26
1.262579955866118674e+26
1.267385430114978633e+26
1.272166958874098813e+26
1.276924334423141714e+26
1.281657354218658501e+26
1.286365820914825451e+26
1.291049542382134618e+26
1.295708331724016215e+26
1.300342007291403538e+26
1.304950392695227711e+26
1.309533316816839509e+26
1.314090613816369600e+26
1.318622123139011224e+26
1.323127689519247467e+26
1.327607162983010604e+26
1.332060398847790157e+26
1.336487257720699130e+26
1.340887605494497041e+26
1.345261313341594492e+26
1.349608257706044601e+26
1.353928320293531946e+26
1.358221388059389438e+26
1.362487353194643456e+26
1.366726113110120233e+26
1.370937570418626381e+26
1.375121632915226061e+26
1.379278213555646738e+26
1.383407230432823860e+26
1.387508606751628230e+26
1.391582270801788307e+26
1.395628155929045025e+26
1.399646200504572666e+26
1.403636347892681901e+26
1.407598546416862409e+26
1.411532749324174503e+26
1.415438914748036332e+26
1.419317005669448743e+26
1.423166989876680487e+26
1.426988839923463067e+26
1.430782533085729425e+26
1.434548051316935280e+26
1.438285381202008155e+26
1.441994513909958760e+26
1.445675445145205621e+26
1.449328175097641782e+26
1.452952708391504085e+26
1.456549054033072144e+26
1.460117225357249783e+26
1.463657239973074608e+26
1.467169119708192500e+26
1.470652890552351308e+26
1.474108582599950506e+26
1.477536229991697328e+26
1.480935870855414902e+26
1.484307547246043962e+26
1.487651305084887616e+26
1.490967194098142288e+26
1.494255267754760882e+26
1.497515583203694203e+26
1.500748201210553074e+26
1.503953186093740283e+26
1.507130605660092045e+26
1.510280531140075534e+26
1.513403037122588188e+26
1.516498201489395035e+26
1.519566105349259696e+26
1.522606832971796737e+26
1.525620471721096215e+26
1.528607111989162676e+26
1.531566847129201950e+26
1.534499773388806054e+26
1.537405989843063037e+26
1.540285598327642927e+26
1.543138703371891425e+26
1.545965412131966365e+26
1.548765834324062656e+26
1.551540082157750783e+26
1.554288270269468721e+26
1.557010515656205407e+26
1.559706937609400338e+26
1.562377657649099654e+26
1.565022799458397076e+26
1.567642488818185790e+26
1.570236853542262868e+26
1.572806023412801678e+26
1.575350130116230083e+26
1.577869307179536766e+26
1.580363689907032471e+26
1.582833415317593321e+26
1.585278622082407837e+26
1.587699450463251736e+26
1.590096042251317284e+26
1.592468540706608220e+26
1.594817090497934590e+26
1.597141837643515073e+26
1.599442929452212204e+26
1.601720514465418375e+26
1.603974742399604636e+26
1.606205764089553595e+26
1.608413731432288104e+26
1.610598797331714976e+26
1.612761115643988870e+26
1.614900841123613554e+26
1.617018129370299750e+26
1.619113136776570660e+26
1.621186020476149861e+26
1.623236938293119886e+26
1.625266048691870390e+26
1.627273510727846220e+26
1.629259483999089870e+26
1.631224128598599646e+26
1.633167605067496653e+26
1.635090074349013329e+26
1.636991697743303857e+26
1.638872636863077499e+26
1.640733053590066524e+26
1.642573110032320145e+26
1.644392968482329965e+26
1.646192791375993453e+26
1.647972741252404802e+26
1.649732980714482106e+26
1.651473672390424325e+26
1.653194978895999753e+26
1.654897062797662899e+26
1.656580086576496005e+26
1.658244212592975196e+26
1.659889603052556794e+26
1.661516419972073500e+26
1.663124825146952447e+26
1.664714980119228008e+26
1.666287046146366514e+26
1.667841184170879534e+26
1.669377554790732583e+26
1.670896318230533446e+26
1.672397634313502538e+26
1.673881662434209481e+26
1.675348561532076934e+26
1.676798490065638970e+26
1.678231605987547449e+26
1.679648066720319550e+26
1.681048029132818866e+26
1.682431649517457037e+26
1.683799083568116926e+26
1.685150486358776052e+26
1.686486012322830277e+26
1.687805815233109148e+26
1.689110048182566071e+26
1.690398863565639177e+26
1.691672413060276722e+26
1.692930847610608776e+26
1.694174317410260761e+26
1.695402971886300241e+26
1.696616959683804241e+26
1.697816428651035774e+26
1.699001525825224401e+26
1.700172397418937100e+26
1.701329188807028440e+26
1.702472044514165586e+26
1.703601108202908908e+26
1.704716522662346468e+26
1.705818429797269324e+26
1.706906970617872548e+26
1.707982285229981592e+26
1.709044512825784442e+26
1.710093791675064382e+26
1.711130259116922391e+26
1.712154051551978859e+26
1.713165304435044309e+26
1.714164152268249510e+26
1.715150728594623645e+26
1.716125165992115027e+26
1.717087596068038221e+26
1.718038149453941734e+26
1.718976955800888699e+26
1.719904143775133051e+26
1.720819841054193237e+26
1.721724174323301135e+26
1.722617269272229280e+26
1.723499250592475770e+26
1.724370241974807886e+26
1.725230366107149654e+26
1.726079744672802703e+26
1.726918498348996624e+26
1.727746746805760597e+26
1.728564608705099443e+26
1.729372201700474453e+26
1.730169642436578324e+26
1.730957046549392548e+26
1.731734528666522758e+26
1.732502202407803460e+26
1.733260180386161838e+26
1.734008574208736507e+26
1.734747494478239875e+26
1.735477050794561371e+26
1.736197351756596411e+26
1.736908504964304550e+26
1.737610617020976533e+26
1.738303793535718508e+26
1.738988139126130364e+26
1.739663757421185769e+26
1.740330751064294993e+26
1.740989221716556715e+26
1.741639270060178534e+26
1.742280995802071344e+26
1.742914497677605538e+26
1.743539873454522178e+26
1.744157219937000500e+26
1.744766632969866295e+26
1.745368207442940481e+26
1.745962037295523728e+26
1.746548215521008231e+26
1.747126834171613507e+26
1.747697984363239711e+26
1.748261756280434334e+26
1.748818239181465761e+26
1.749367521403503352e+26
1.749909690367889591e+26
1.750444832585513613e+26
1.750973033662267867e+26
1.751494378304590005e+26
1.752008950325089975e+26
1.752516832648247546e+26
1.753018107316185098e+26
1.753512855494505334e+26
1.754001157478198753e+26
1.754483092697603688e+26
1.754958739724429229e+26
1.755428176277826926e+26
1.755891479230515075e+26
